id,個案研判日,個案公布日,縣市,區域,新增確診人數,累計確診人數,七天移動平均新增確診
39,2021-10-16,2021-10-17,台北市,中山區,0,290,0.00
287,2021-10-15,2021-10-16,台北市,中山區,0,290,0.00
535,2021-10-14,2021-10-15,台北市,中山區,0,290,0.00
783,2021-10-13,2021-10-14,台北市,中山區,0,290,0.00
1031,2021-10-12,2021-10-13,台北市,中山區,0,290,0.00
1279,2021-10-11,2021-10-12,台北市,中山區,0,290,0.00
1527,2021-10-10,2021-10-11,台北市,中山區,0,290,0.00
1775,2021-10-09,2021-10-10,台北市,中山區,0,290,0.00
2023,2021-10-08,2021-10-09,台北市,中山區,0,290,0.00
2271,2021-10-07,2021-10-08,台北市,中山區,0,290,0.00
2519,2021-10-06,2021-10-07,台北市,中山區,0,290,0.00
2767,2021-10-05,2021-10-06,台北市,中山區,0,290,0.00
3015,2021-10-04,2021-10-05,台北市,中山區,0,290,0.00
3263,2021-10-03,2021-10-04,台北市,中山區,0,290,0.00
3511,2021-10-02,2021-10-03,台北市,中山區,0,290,0.00
3759,2021-10-01,2021-10-02,台北市,中山區,0,290,0.00
4007,2021-09-30,2021-10-01,台北市,中山區,0,290,0.00
4255,2021-09-29,2021-09-30,台北市,中山區,0,290,0.00
4503,2021-09-28,2021-09-29,台北市,中山區,0,290,0.00
4751,2021-09-27,2021-09-28,台北市,中山區,0,290,0.00
4999,2021-09-26,2021-09-27,台北市,中山區,0,290,0.00
5247,2021-09-25,2021-09-26,台北市,中山區,0,290,0.00
5495,2021-09-24,2021-09-25,台北市,中山區,0,290,0.00
5743,2021-09-23,2021-09-24,台北市,中山區,0,290,0.00
5991,2021-09-22,2021-09-23,台北市,中山區,0,290,0.00
6239,2021-09-21,2021-09-22,台北市,中山區,0,290,0.00
6487,2021-09-20,2021-09-21,台北市,中山區,0,290,0.00
6735,2021-09-19,2021-09-20,台北市,中山區,0,290,0.00
6983,2021-09-18,2021-09-19,台北市,中山區,0,290,0.00
7231,2021-09-17,2021-09-18,台北市,中山區,0,290,0.00
7479,2021-09-16,2021-09-17,台北市,中山區,0,290,0.00
7727,2021-09-15,2021-09-16,台北市,中山區,0,290,0.10
7975,2021-09-14,2021-09-15,台北市,中山區,0,290,0.10
8223,2021-09-13,2021-09-14,台北市,中山區,0,290,0.10
8471,2021-09-12,2021-09-13,台北市,中山區,0,290,0.10
8719,2021-09-11,2021-09-12,台北市,中山區,0,290,0.10
8967,2021-09-10,2021-09-11,台北市,中山區,0,290,0.10
9215,2021-09-09,2021-09-10,台北市,中山區,1,290,0.10
9463,2021-09-08,2021-09-09,台北市,中山區,0,289,0.00
9711,2021-09-07,2021-09-08,台北市,中山區,0,289,0.10
9959,2021-09-06,2021-09-07,台北市,中山區,0,289,0.10
10207,2021-09-05,2021-09-06,台北市,中山區,0,289,0.10
10455,2021-09-04,2021-09-05,台北市,中山區,0,289,0.10
10703,2021-09-03,2021-09-04,台北市,中山區,0,289,0.10
10951,2021-09-02,2021-09-03,台北市,中山區,0,289,0.10
11199,2021-09-01,2021-09-02,台北市,中山區,1,289,0.10
11447,2021-08-31,2021-09-01,台北市,中山區,0,288,0.00
11695,2021-08-30,2021-08-31,台北市,中山區,0,288,0.00
11943,2021-08-29,2021-08-30,台北市,中山區,0,288,0.00
12191,2021-08-28,2021-08-29,台北市,中山區,0,288,0.00
12439,2021-08-27,2021-08-28,台北市,中山區,0,288,0.00
12687,2021-08-26,2021-08-27,台北市,中山區,0,288,0.00
12935,2021-08-25,2021-08-26,台北市,中山區,0,288,0.00
13183,2021-08-24,2021-08-25,台北市,中山區,0,288,0.00
13431,2021-08-23,2021-08-24,台北市,中山區,0,288,0.00
13679,2021-08-22,2021-08-23,台北市,中山區,0,288,0.00
13927,2021-08-21,2021-08-22,台北市,中山區,0,288,0.00
14175,2021-08-20,2021-08-21,台北市,中山區,0,288,0.00
14423,2021-08-19,2021-08-20,台北市,中山區,0,288,0.10
14671,2021-08-18,2021-08-19,台北市,中山區,0,288,0.30
14919,2021-08-17,2021-08-18,台北市,中山區,0,288,0.30
15167,2021-08-16,2021-08-17,台北市,中山區,0,288,0.30
15415,2021-08-15,2021-08-16,台北市,中山區,0,288,0.30
15663,2021-08-14,2021-08-15,台北市,中山區,0,288,0.30
15911,2021-08-13,2021-08-14,台北市,中山區,1,288,0.30
16159,2021-08-12,2021-08-13,台北市,中山區,1,287,0.10
16407,2021-08-11,2021-08-12,台北市,中山區,0,286,0.10
16655,2021-08-10,2021-08-11,台北市,中山區,0,286,0.10
16903,2021-08-09,2021-08-10,台北市,中山區,0,286,0.10
17151,2021-08-08,2021-08-09,台北市,中山區,0,286,0.40
17399,2021-08-07,2021-08-08,台北市,中山區,0,286,0.60
17647,2021-08-06,2021-08-07,台北市,中山區,0,286,0.60
17895,2021-08-05,2021-08-06,台北市,中山區,1,286,0.60
18143,2021-08-04,2021-08-05,台北市,中山區,0,285,0.40
18391,2021-08-03,2021-08-04,台北市,中山區,0,285,0.40
18639,2021-08-02,2021-08-03,台北市,中山區,2,285,0.40
18888,2021-08-01,2021-08-02,台北市,中山區,1,283,0.10
19136,2021-07-31,2021-08-01,台北市,中山區,0,282,0.00
19384,2021-07-30,2021-07-31,台北市,中山區,0,282,0.00
19632,2021-07-29,2021-07-30,台北市,中山區,0,282,0.00
19880,2021-07-28,2021-07-29,台北市,中山區,0,282,0.00
20128,2021-07-27,2021-07-28,台北市,中山區,0,282,0.00
20376,2021-07-26,2021-07-27,台北市,中山區,0,282,0.00
20624,2021-07-25,2021-07-26,台北市,中山區,0,282,0.00
20872,2021-07-24,2021-07-25,台北市,中山區,0,282,0.00
21120,2021-07-23,2021-07-24,台北市,中山區,0,282,0.00
21367,2021-07-22,2021-07-23,台北市,中山區,0,282,0.00
21615,2021-07-21,2021-07-21,台北市,中山區,0,282,0.40
21862,2021-07-20,2021-07-20,台北市,中山區,0,282,0.40
22110,2021-07-19,2021-07-19,台北市,中山區,0,282,0.90
22358,2021-07-18,2021-07-18,台北市,中山區,0,282,1.40
22605,2021-07-17,2021-07-17,台北市,中山區,0,282,1.90
22853,2021-07-16,2021-07-16,台北市,中山區,2,282,2.00
23103,2021-07-15,2021-07-15,台北市,中山區,1,280,1.70
23351,2021-07-14,2021-07-14,台北市,中山區,0,279,1.60
23599,2021-07-13,2021-07-13,台北市,中山區,3,279,1.60
23847,2021-07-12,2021-07-12,台北市,中山區,4,276,1.30
24096,2021-07-11,2021-07-11,台北市,中山區,3,272,0.70
24344,2021-07-10,2021-07-10,台北市,中山區,1,269,0.90
24592,2021-07-09,2021-07-09,台北市,中山區,0,268,1.10
24840,2021-07-08,2021-07-08,台北市,中山區,0,268,1.70
25088,2021-07-07,2021-07-07,台北市,中山區,0,268,2.60
25336,2021-07-06,2021-07-06,台北市,中山區,1,268,2.60
25584,2021-07-05,2021-07-05,台北市,中山區,0,267,3.00
25831,2021-07-04,2021-07-04,台北市,中山區,4,267,3.90
26080,2021-07-03,2021-07-03,台北市,中山區,3,263,3.60
26328,2021-07-02,2021-07-02,台北市,中山區,4,260,3.10
26576,2021-07-01,2021-07-01,台北市,中山區,6,256,2.60
26824,2021-06-30,2021-06-30,台北市,中山區,0,250,2.00
27072,2021-06-29,2021-06-29,台北市,中山區,4,250,2.10
27320,2021-06-28,2021-06-28,台北市,中山區,6,246,1.90
27568,2021-06-27,2021-06-27,台北市,中山區,2,240,1.10
27816,2021-06-26,2021-06-26,台北市,中山區,0,238,1.00
28064,2021-06-25,2021-06-25,台北市,中山區,0,238,1.70
28312,2021-06-24,2021-06-24,台北市,中山區,2,238,2.60
28560,2021-06-23,2021-06-23,台北市,中山區,1,236,2.40
28808,2021-06-22,2021-06-22,台北市,中山區,2,235,2.40
29056,2021-06-21,2021-06-21,台北市,中山區,1,233,2.30
29304,2021-06-20,2021-06-20,台北市,中山區,1,232,2.10
29552,2021-06-19,2021-06-19,台北市,中山區,5,231,2.40
29800,2021-06-18,2021-06-18,台北市,中山區,6,226,2.00
30048,2021-06-17,2021-06-17,台北市,中山區,1,220,2.00
30296,2021-06-16,2021-06-16,台北市,中山區,1,219,2.40
30544,2021-06-15,2021-06-15,台北市,中山區,1,218,2.90
30792,2021-06-14,2021-06-14,台北市,中山區,0,217,3.60
31040,2021-06-13,2021-06-13,台北市,中山區,3,217,4.90
31288,2021-06-12,2021-06-12,台北市,中山區,2,214,4.70
31536,2021-06-11,2021-06-11,台北市,中山區,6,212,5.30
31784,2021-06-10,2021-06-10,台北市,中山區,4,206,6.10
32032,2021-06-09,2021-06-09,台北市,中山區,4,202,8.10
32280,2021-06-08,2021-06-08,台北市,中山區,6,198,8.60
32528,2021-06-07,2021-06-07,台北市,中山區,9,192,8.70
32776,2021-06-06,2021-06-06,台北市,中山區,2,183,8.30
33023,2021-06-05,2021-06-05,台北市,中山區,6,181,8.40
33271,2021-06-04,2021-06-04,台北市,中山區,12,175,9.60
33519,2021-06-03,2021-06-03,台北市,中山區,18,163,9.40
33768,2021-06-02,2021-06-02,台北市,中山區,7,145,9.00
34015,2021-06-01,2021-06-01,台北市,中山區,7,138,9.90
34263,2021-05-31,2021-05-31,台北市,中山區,6,131,10.30
34511,2021-05-30,2021-05-30,台北市,中山區,3,125,10.90
34758,2021-05-29,2021-05-29,台北市,中山區,14,122,11.90
35006,2021-05-28,2021-05-28,台北市,中山區,11,108,11.00
35255,2021-05-27,2021-05-27,台北市,中山區,15,97,10.60
35504,2021-05-26,2021-05-26,台北市,中山區,13,82,9.60
35750,2021-05-25,2021-05-25,台北市,中山區,10,69,8.00
35998,2021-05-24,2021-05-24,台北市,中山區,10,59,7.00
36245,2021-05-23,2021-05-23,台北市,中山區,10,49,6.70
36493,2021-05-22,2021-05-22,台北市,中山區,8,39,5.60
36743,2021-05-21,2021-05-21,台北市,中山區,8,31,4.40
36991,2021-05-20,2021-05-20,台北市,中山區,8,23,3.30
37242,2021-05-19,2021-05-19,台北市,中山區,2,15,2.10
37489,2021-05-18,2021-05-18,台北市,中山區,3,13,1.90
37738,2021-05-17,2021-05-17,台北市,中山區,8,10,1.40
37987,2021-05-16,2021-05-16,台北市,中山區,2,2,0.30
38235,2021-05-15,2021-05-15,台北市,中山區,0,0,0.00
38480,2021-05-14,2021-05-14,台北市,中山區,0,0,0.00
38728,2021-05-13,2021-05-13,台北市,中山區,0,0,0.00
38975,2021-05-12,2021-05-12,台北市,中山區,0,0,0.00
39223,2021-05-11,2021-05-11,台北市,中山區,0,0,0.00
39471,2021-05-10,2021-05-10,台北市,中山區,0,0,0.00
39719,2021-05-09,2021-05-09,台北市,中山區,0,0,0.00
39967,2021-05-08,2021-05-08,台北市,中山區,0,0,0.00
40215,2021-05-07,2021-05-07,台北市,中山區,0,0,0.00
40463,2021-05-06,2021-05-06,台北市,中山區,0,0,0.00
40711,2021-05-05,2021-05-05,台北市,中山區,0,0,0.00
40959,2021-05-04,2021-05-04,台北市,中山區,0,0,0.00
41207,2021-05-03,2021-05-03,台北市,中山區,0,0,0.00
41455,2021-05-02,2021-05-02,台北市,中山區,0,0,0.00
41703,2021-05-01,2021-05-01,台北市,中山區,0,0,0.00
