id,個案研判日,個案公布日,縣市,區域,新增確診人數,累計確診人數,七天移動平均新增確診
40,2021-10-16,2021-10-17,台北市,中正區,0,287,0.00
288,2021-10-15,2021-10-16,台北市,中正區,0,287,0.00
536,2021-10-14,2021-10-15,台北市,中正區,0,287,0.00
784,2021-10-13,2021-10-14,台北市,中正區,0,287,0.00
1032,2021-10-12,2021-10-13,台北市,中正區,0,287,0.00
1280,2021-10-11,2021-10-12,台北市,中正區,0,287,0.00
1528,2021-10-10,2021-10-11,台北市,中正區,0,287,0.00
1776,2021-10-09,2021-10-10,台北市,中正區,0,287,0.00
2024,2021-10-08,2021-10-09,台北市,中正區,0,287,0.00
2272,2021-10-07,2021-10-08,台北市,中正區,0,287,0.00
2520,2021-10-06,2021-10-07,台北市,中正區,0,287,0.00
2768,2021-10-05,2021-10-06,台北市,中正區,0,287,0.00
3016,2021-10-04,2021-10-05,台北市,中正區,0,287,0.00
3264,2021-10-03,2021-10-04,台北市,中正區,0,287,0.10
3512,2021-10-02,2021-10-03,台北市,中正區,0,287,0.10
3760,2021-10-01,2021-10-02,台北市,中正區,0,287,0.10
4008,2021-09-30,2021-10-01,台北市,中正區,0,287,0.10
4256,2021-09-29,2021-09-30,台北市,中正區,0,287,0.10
4504,2021-09-28,2021-09-29,台北市,中正區,0,287,0.10
4752,2021-09-27,2021-09-28,台北市,中正區,1,287,0.10
5000,2021-09-26,2021-09-27,台北市,中正區,0,286,0.00
5248,2021-09-25,2021-09-26,台北市,中正區,0,286,0.00
5496,2021-09-24,2021-09-25,台北市,中正區,0,286,0.00
5744,2021-09-23,2021-09-24,台北市,中正區,0,286,0.00
5992,2021-09-22,2021-09-23,台北市,中正區,0,286,0.00
6240,2021-09-21,2021-09-22,台北市,中正區,0,286,0.00
6488,2021-09-20,2021-09-21,台北市,中正區,0,286,0.00
6736,2021-09-19,2021-09-20,台北市,中正區,0,286,0.00
6984,2021-09-18,2021-09-19,台北市,中正區,0,286,0.00
7232,2021-09-17,2021-09-18,台北市,中正區,0,286,0.00
7480,2021-09-16,2021-09-17,台北市,中正區,0,286,0.00
7728,2021-09-15,2021-09-16,台北市,中正區,0,286,0.00
7976,2021-09-14,2021-09-15,台北市,中正區,0,286,0.00
8224,2021-09-13,2021-09-14,台北市,中正區,0,286,0.00
8472,2021-09-12,2021-09-13,台北市,中正區,0,286,0.00
8720,2021-09-11,2021-09-12,台北市,中正區,0,286,0.00
8968,2021-09-10,2021-09-11,台北市,中正區,0,286,0.00
9216,2021-09-09,2021-09-10,台北市,中正區,0,286,0.00
9464,2021-09-08,2021-09-09,台北市,中正區,0,286,0.00
9712,2021-09-07,2021-09-08,台北市,中正區,0,286,0.00
9960,2021-09-06,2021-09-07,台北市,中正區,0,286,0.00
10208,2021-09-05,2021-09-06,台北市,中正區,0,286,0.10
10456,2021-09-04,2021-09-05,台北市,中正區,0,286,0.10
10704,2021-09-03,2021-09-04,台北市,中正區,0,286,0.10
10952,2021-09-02,2021-09-03,台北市,中正區,0,286,0.10
11200,2021-09-01,2021-09-02,台北市,中正區,0,286,0.10
11448,2021-08-31,2021-09-01,台北市,中正區,0,286,0.10
11696,2021-08-30,2021-08-31,台北市,中正區,1,286,0.10
11944,2021-08-29,2021-08-30,台北市,中正區,0,285,0.00
12192,2021-08-28,2021-08-29,台北市,中正區,0,285,0.00
12440,2021-08-27,2021-08-28,台北市,中正區,0,285,0.00
12688,2021-08-26,2021-08-27,台北市,中正區,0,285,0.00
12936,2021-08-25,2021-08-26,台北市,中正區,0,285,0.00
13184,2021-08-24,2021-08-25,台北市,中正區,0,285,0.00
13432,2021-08-23,2021-08-24,台北市,中正區,0,285,0.00
13680,2021-08-22,2021-08-23,台北市,中正區,0,285,0.00
13928,2021-08-21,2021-08-22,台北市,中正區,0,285,0.00
14176,2021-08-20,2021-08-21,台北市,中正區,0,285,0.00
14424,2021-08-19,2021-08-20,台北市,中正區,0,285,0.00
14672,2021-08-18,2021-08-19,台北市,中正區,0,285,0.00
14920,2021-08-17,2021-08-18,台北市,中正區,0,285,0.00
15168,2021-08-16,2021-08-17,台北市,中正區,0,285,0.00
15416,2021-08-15,2021-08-16,台北市,中正區,0,285,0.00
15664,2021-08-14,2021-08-15,台北市,中正區,0,285,0.00
15912,2021-08-13,2021-08-14,台北市,中正區,0,285,0.00
16160,2021-08-12,2021-08-13,台北市,中正區,0,285,0.00
16408,2021-08-11,2021-08-12,台北市,中正區,0,285,0.00
16656,2021-08-10,2021-08-11,台北市,中正區,0,285,0.00
16904,2021-08-09,2021-08-10,台北市,中正區,0,285,0.00
17152,2021-08-08,2021-08-09,台北市,中正區,0,285,0.00
17400,2021-08-07,2021-08-08,台北市,中正區,0,285,0.00
17648,2021-08-06,2021-08-07,台北市,中正區,0,285,0.00
17896,2021-08-05,2021-08-06,台北市,中正區,0,285,0.00
18144,2021-08-04,2021-08-05,台北市,中正區,0,285,0.00
18392,2021-08-03,2021-08-04,台北市,中正區,0,285,0.00
18640,2021-08-02,2021-08-03,台北市,中正區,0,285,0.10
18887,2021-08-01,2021-08-02,台北市,中正區,0,285,0.30
19135,2021-07-31,2021-08-01,台北市,中正區,0,285,0.30
19383,2021-07-30,2021-07-31,台北市,中正區,0,285,0.30
19630,2021-07-29,2021-07-30,台北市,中正區,0,285,0.40
19878,2021-07-28,2021-07-29,台北市,中正區,0,285,0.70
20126,2021-07-27,2021-07-28,台北市,中正區,1,285,0.70
20375,2021-07-26,2021-07-27,台北市,中正區,1,284,0.70
20623,2021-07-25,2021-07-26,台北市,中正區,0,283,0.60
20871,2021-07-24,2021-07-25,台北市,中正區,0,283,0.70
21119,2021-07-23,2021-07-24,台北市,中正區,1,283,0.70
21368,2021-07-22,2021-07-23,台北市,中正區,2,282,0.70
21616,2021-07-21,2021-07-21,台北市,中正區,1,280,0.40
21864,2021-07-20,2021-07-20,台北市,中正區,0,279,0.40
22112,2021-07-19,2021-07-19,台北市,中正區,1,279,0.40
22360,2021-07-18,2021-07-18,台北市,中正區,0,278,0.30
22608,2021-07-17,2021-07-17,台北市,中正區,1,278,0.30
22856,2021-07-16,2021-07-16,台北市,中正區,0,277,0.10
23104,2021-07-15,2021-07-15,台北市,中正區,0,277,0.10
23352,2021-07-14,2021-07-14,台北市,中正區,1,277,0.10
23600,2021-07-13,2021-07-13,台北市,中正區,0,276,0.00
23848,2021-07-12,2021-07-12,台北市,中正區,0,276,0.00
24095,2021-07-11,2021-07-11,台北市,中正區,0,276,0.00
24343,2021-07-10,2021-07-10,台北市,中正區,0,276,0.00
24591,2021-07-09,2021-07-09,台北市,中正區,0,276,0.00
24838,2021-07-08,2021-07-08,台北市,中正區,0,276,1.00
25085,2021-07-07,2021-07-07,台北市,中正區,0,276,1.30
25333,2021-07-06,2021-07-06,台北市,中正區,0,276,1.40
25581,2021-07-05,2021-07-05,台北市,中正區,0,276,1.90
25829,2021-07-04,2021-07-04,台北市,中正區,0,276,1.90
26077,2021-07-03,2021-07-03,台北市,中正區,0,276,1.90
26325,2021-07-02,2021-07-02,台北市,中正區,7,276,2.10
26573,2021-07-01,2021-07-01,台北市,中正區,2,269,1.30
26821,2021-06-30,2021-06-30,台北市,中正區,1,267,1.30
27069,2021-06-29,2021-06-29,台北市,中正區,3,266,1.30
27318,2021-06-28,2021-06-28,台北市,中正區,0,263,1.90
27566,2021-06-27,2021-06-27,台北市,中正區,0,263,2.30
27814,2021-06-26,2021-06-26,台北市,中正區,2,263,2.40
28062,2021-06-25,2021-06-25,台北市,中正區,1,261,2.40
28310,2021-06-24,2021-06-24,台北市,中正區,2,260,2.60
28558,2021-06-23,2021-06-23,台北市,中正區,1,258,2.70
28806,2021-06-22,2021-06-22,台北市,中正區,7,257,2.90
29054,2021-06-21,2021-06-21,台北市,中正區,3,250,2.10
29302,2021-06-20,2021-06-20,台北市,中正區,1,247,1.90
29550,2021-06-19,2021-06-19,台北市,中正區,2,246,2.30
29798,2021-06-18,2021-06-18,台北市,中正區,2,244,2.40
30046,2021-06-17,2021-06-17,台北市,中正區,3,242,2.40
30294,2021-06-16,2021-06-16,台北市,中正區,2,239,2.40
30542,2021-06-15,2021-06-15,台北市,中正區,2,237,2.60
30789,2021-06-14,2021-06-14,台北市,中正區,1,235,2.60
31037,2021-06-13,2021-06-13,台北市,中正區,4,234,2.60
31285,2021-06-12,2021-06-12,台北市,中正區,3,230,2.40
31533,2021-06-11,2021-06-11,台北市,中正區,2,227,2.60
31781,2021-06-10,2021-06-10,台北市,中正區,3,225,4.00
32029,2021-06-09,2021-06-09,台北市,中正區,3,222,5.70
32277,2021-06-08,2021-06-08,台北市,中正區,2,219,6.30
32525,2021-06-07,2021-06-07,台北市,中正區,1,217,6.90
32771,2021-06-06,2021-06-06,台北市,中正區,3,216,8.00
33019,2021-06-05,2021-06-05,台北市,中正區,4,213,8.40
33267,2021-06-04,2021-06-04,台北市,中正區,12,209,10.60
33515,2021-06-03,2021-06-03,台北市,中正區,15,197,10.60
33764,2021-06-02,2021-06-02,台北市,中正區,7,182,11.60
34011,2021-06-01,2021-06-01,台北市,中正區,6,175,14.10
34259,2021-05-31,2021-05-31,台北市,中正區,9,169,14.90
34507,2021-05-30,2021-05-30,台北市,中正區,6,160,15.40
34755,2021-05-29,2021-05-29,台北市,中正區,19,154,15.70
35004,2021-05-28,2021-05-28,台北市,中正區,12,135,14.10
35252,2021-05-27,2021-05-27,台北市,中正區,22,123,13.30
35500,2021-05-26,2021-05-26,台北市,中正區,25,101,10.90
35748,2021-05-25,2021-05-25,台北市,中正區,11,76,7.60
35997,2021-05-24,2021-05-24,台北市,中正區,13,65,6.90
36244,2021-05-23,2021-05-23,台北市,中正區,8,52,6.30
36492,2021-05-22,2021-05-22,台北市,中正區,8,44,5.60
36740,2021-05-21,2021-05-21,台北市,中正區,6,36,5.10
36987,2021-05-20,2021-05-20,台北市,中正區,5,30,4.30
37237,2021-05-19,2021-05-19,台北市,中正區,2,25,3.60
37484,2021-05-18,2021-05-18,台北市,中正區,6,23,3.30
37731,2021-05-17,2021-05-17,台北市,中正區,9,17,2.40
37981,2021-05-16,2021-05-16,台北市,中正區,3,8,1.10
38230,2021-05-15,2021-05-15,台北市,中正區,5,5,0.70
38481,2021-05-14,2021-05-14,台北市,中正區,0,0,0.00
38729,2021-05-13,2021-05-13,台北市,中正區,0,0,0.00
38976,2021-05-12,2021-05-12,台北市,中正區,0,0,0.00
39224,2021-05-11,2021-05-11,台北市,中正區,0,0,0.00
39472,2021-05-10,2021-05-10,台北市,中正區,0,0,0.00
39720,2021-05-09,2021-05-09,台北市,中正區,0,0,0.00
39968,2021-05-08,2021-05-08,台北市,中正區,0,0,0.00
40216,2021-05-07,2021-05-07,台北市,中正區,0,0,0.00
40464,2021-05-06,2021-05-06,台北市,中正區,0,0,0.00
40712,2021-05-05,2021-05-05,台北市,中正區,0,0,0.00
40960,2021-05-04,2021-05-04,台北市,中正區,0,0,0.00
41208,2021-05-03,2021-05-03,台北市,中正區,0,0,0.00
41456,2021-05-02,2021-05-02,台北市,中正區,0,0,0.00
41704,2021-05-01,2021-05-01,台北市,中正區,0,0,0.00
