id,個案研判日,個案公布日,縣市,區域,新增確診人數,累計確診人數,七天移動平均新增確診
38,2021-10-16,2021-10-17,台北市,信義區,0,291,0.00
286,2021-10-15,2021-10-16,台北市,信義區,0,291,0.00
534,2021-10-14,2021-10-15,台北市,信義區,0,291,0.00
782,2021-10-13,2021-10-14,台北市,信義區,0,291,0.00
1030,2021-10-12,2021-10-13,台北市,信義區,0,291,0.00
1278,2021-10-11,2021-10-12,台北市,信義區,0,291,0.00
1526,2021-10-10,2021-10-11,台北市,信義區,0,291,0.00
1774,2021-10-09,2021-10-10,台北市,信義區,0,291,0.00
2022,2021-10-08,2021-10-09,台北市,信義區,0,291,0.00
2270,2021-10-07,2021-10-08,台北市,信義區,0,291,0.00
2518,2021-10-06,2021-10-07,台北市,信義區,0,291,0.00
2766,2021-10-05,2021-10-06,台北市,信義區,0,291,0.00
3014,2021-10-04,2021-10-05,台北市,信義區,0,291,0.00
3262,2021-10-03,2021-10-04,台北市,信義區,0,291,0.00
3510,2021-10-02,2021-10-03,台北市,信義區,0,291,0.00
3758,2021-10-01,2021-10-02,台北市,信義區,0,291,0.00
4006,2021-09-30,2021-10-01,台北市,信義區,0,291,0.00
4254,2021-09-29,2021-09-30,台北市,信義區,0,291,0.00
4502,2021-09-28,2021-09-29,台北市,信義區,0,291,0.00
4750,2021-09-27,2021-09-28,台北市,信義區,0,291,0.00
4998,2021-09-26,2021-09-27,台北市,信義區,0,291,0.00
5246,2021-09-25,2021-09-26,台北市,信義區,0,291,0.00
5494,2021-09-24,2021-09-25,台北市,信義區,0,291,0.00
5742,2021-09-23,2021-09-24,台北市,信義區,0,291,0.00
5990,2021-09-22,2021-09-23,台北市,信義區,0,291,0.00
6238,2021-09-21,2021-09-22,台北市,信義區,0,291,0.00
6486,2021-09-20,2021-09-21,台北市,信義區,0,291,0.00
6734,2021-09-19,2021-09-20,台北市,信義區,0,291,0.00
6982,2021-09-18,2021-09-19,台北市,信義區,0,291,0.00
7230,2021-09-17,2021-09-18,台北市,信義區,0,291,0.00
7478,2021-09-16,2021-09-17,台北市,信義區,0,291,0.00
7726,2021-09-15,2021-09-16,台北市,信義區,0,291,0.00
7974,2021-09-14,2021-09-15,台北市,信義區,0,291,0.00
8222,2021-09-13,2021-09-14,台北市,信義區,0,291,0.00
8470,2021-09-12,2021-09-13,台北市,信義區,0,291,0.00
8718,2021-09-11,2021-09-12,台北市,信義區,0,291,0.00
8966,2021-09-10,2021-09-11,台北市,信義區,0,291,0.00
9214,2021-09-09,2021-09-10,台北市,信義區,0,291,0.00
9462,2021-09-08,2021-09-09,台北市,信義區,0,291,0.00
9710,2021-09-07,2021-09-08,台北市,信義區,0,291,0.00
9958,2021-09-06,2021-09-07,台北市,信義區,0,291,0.10
10206,2021-09-05,2021-09-06,台北市,信義區,0,291,0.10
10454,2021-09-04,2021-09-05,台北市,信義區,0,291,0.10
10702,2021-09-03,2021-09-04,台北市,信義區,0,291,0.10
10950,2021-09-02,2021-09-03,台北市,信義區,0,291,0.10
11198,2021-09-01,2021-09-02,台北市,信義區,0,291,0.10
11446,2021-08-31,2021-09-01,台北市,信義區,1,291,0.10
11694,2021-08-30,2021-08-31,台北市,信義區,0,290,0.00
11942,2021-08-29,2021-08-30,台北市,信義區,0,290,0.00
12190,2021-08-28,2021-08-29,台北市,信義區,0,290,0.00
12438,2021-08-27,2021-08-28,台北市,信義區,0,290,0.00
12686,2021-08-26,2021-08-27,台北市,信義區,0,290,0.00
12934,2021-08-25,2021-08-26,台北市,信義區,0,290,0.00
13182,2021-08-24,2021-08-25,台北市,信義區,0,290,0.00
13430,2021-08-23,2021-08-24,台北市,信義區,0,290,0.00
13678,2021-08-22,2021-08-23,台北市,信義區,0,290,0.00
13926,2021-08-21,2021-08-22,台北市,信義區,0,290,0.00
14174,2021-08-20,2021-08-21,台北市,信義區,0,290,0.00
14422,2021-08-19,2021-08-20,台北市,信義區,0,290,0.00
14670,2021-08-18,2021-08-19,台北市,信義區,0,290,0.10
14918,2021-08-17,2021-08-18,台北市,信義區,0,290,0.30
15166,2021-08-16,2021-08-17,台北市,信義區,0,290,0.30
15414,2021-08-15,2021-08-16,台北市,信義區,0,290,0.30
15662,2021-08-14,2021-08-15,台北市,信義區,0,290,0.30
15910,2021-08-13,2021-08-14,台北市,信義區,0,290,0.40
16158,2021-08-12,2021-08-13,台北市,信義區,1,290,0.40
16406,2021-08-11,2021-08-12,台北市,信義區,1,289,0.30
16654,2021-08-10,2021-08-11,台北市,信義區,0,288,0.10
16902,2021-08-09,2021-08-10,台北市,信義區,0,288,0.10
17150,2021-08-08,2021-08-09,台北市,信義區,0,288,0.10
17398,2021-08-07,2021-08-08,台北市,信義區,1,288,0.10
17646,2021-08-06,2021-08-07,台北市,信義區,0,287,0.10
17894,2021-08-05,2021-08-06,台北市,信義區,0,287,0.30
18142,2021-08-04,2021-08-05,台北市,信義區,0,287,0.30
18390,2021-08-03,2021-08-04,台北市,信義區,0,287,0.30
18638,2021-08-02,2021-08-03,台北市,信義區,0,287,0.30
18886,2021-08-01,2021-08-02,台北市,信義區,0,287,0.30
19134,2021-07-31,2021-08-01,台北市,信義區,1,287,0.30
19382,2021-07-30,2021-07-31,台北市,信義區,1,286,0.30
19631,2021-07-29,2021-07-30,台北市,信義區,0,285,0.30
19879,2021-07-28,2021-07-29,台北市,信義區,0,285,0.30
20127,2021-07-27,2021-07-28,台北市,信義區,0,285,0.30
20374,2021-07-26,2021-07-27,台北市,信義區,0,285,0.30
20622,2021-07-25,2021-07-26,台北市,信義區,0,285,0.30
20870,2021-07-24,2021-07-25,台北市,信義區,1,285,0.30
21118,2021-07-23,2021-07-24,台北市,信義區,1,284,0.30
21366,2021-07-22,2021-07-23,台北市,信義區,0,283,0.10
21614,2021-07-21,2021-07-21,台北市,信義區,0,283,0.30
21861,2021-07-20,2021-07-20,台北市,信義區,0,283,0.30
22109,2021-07-19,2021-07-19,台北市,信義區,0,283,0.60
22357,2021-07-18,2021-07-18,台北市,信義區,1,283,0.60
22606,2021-07-17,2021-07-17,台北市,信義區,0,282,0.40
22854,2021-07-16,2021-07-16,台北市,信義區,1,282,0.70
23101,2021-07-15,2021-07-15,台北市,信義區,0,281,0.70
23349,2021-07-14,2021-07-14,台北市,信義區,0,281,0.90
23597,2021-07-13,2021-07-13,台北市,信義區,2,281,1.30
23846,2021-07-12,2021-07-12,台北市,信義區,0,279,1.60
24094,2021-07-11,2021-07-11,台北市,信義區,0,279,1.70
24341,2021-07-10,2021-07-10,台北市,信義區,2,279,2.00
24590,2021-07-09,2021-07-09,台北市,信義區,1,277,2.00
24839,2021-07-08,2021-07-08,台北市,信義區,1,276,1.90
25086,2021-07-07,2021-07-07,台北市,信義區,3,275,1.70
25335,2021-07-06,2021-07-06,台北市,信義區,4,272,1.70
25583,2021-07-05,2021-07-05,台北市,信義區,1,268,1.60
25832,2021-07-04,2021-07-04,台北市,信義區,2,267,1.70
26079,2021-07-03,2021-07-03,台北市,信義區,2,265,1.70
26327,2021-07-02,2021-07-02,台北市,信義區,0,263,2.00
26575,2021-07-01,2021-07-01,台北市,信義區,0,263,2.10
26823,2021-06-30,2021-06-30,台北市,信義區,3,263,2.30
27071,2021-06-29,2021-06-29,台北市,信義區,3,260,2.00
27319,2021-06-28,2021-06-28,台北市,信義區,2,257,1.70
27567,2021-06-27,2021-06-27,台北市,信義區,2,255,1.40
27815,2021-06-26,2021-06-26,台北市,信義區,4,253,1.10
28063,2021-06-25,2021-06-25,台北市,信義區,1,249,0.70
28311,2021-06-24,2021-06-24,台北市,信義區,1,248,1.60
28559,2021-06-23,2021-06-23,台北市,信義區,1,247,1.90
28807,2021-06-22,2021-06-22,台北市,信義區,1,246,2.00
29055,2021-06-21,2021-06-21,台北市,信義區,0,245,1.90
29303,2021-06-20,2021-06-20,台北市,信義區,0,245,2.30
29551,2021-06-19,2021-06-19,台北市,信義區,1,245,2.70
29799,2021-06-18,2021-06-18,台北市,信義區,7,244,3.00
30047,2021-06-17,2021-06-17,台北市,信義區,3,237,2.10
30295,2021-06-16,2021-06-16,台北市,信義區,2,234,2.10
30543,2021-06-15,2021-06-15,台北市,信義區,0,232,1.90
30791,2021-06-14,2021-06-14,台北市,信義區,3,232,2.10
31039,2021-06-13,2021-06-13,台北市,信義區,3,229,2.00
31287,2021-06-12,2021-06-12,台北市,信義區,3,226,2.10
31534,2021-06-11,2021-06-11,台北市,信義區,1,223,3.40
31782,2021-06-10,2021-06-10,台北市,信義區,3,222,3.90
32030,2021-06-09,2021-06-09,台北市,信義區,0,219,4.60
32278,2021-06-08,2021-06-08,台北市,信義區,2,219,6.30
32526,2021-06-07,2021-06-07,台北市,信義區,2,217,6.90
32772,2021-06-06,2021-06-06,台北市,信義區,4,215,8.00
33020,2021-06-05,2021-06-05,台北市,信義區,12,211,8.60
33269,2021-06-04,2021-06-04,台北市,信義區,4,199,8.40
33516,2021-06-03,2021-06-03,台北市,信義區,8,195,9.30
33763,2021-06-02,2021-06-02,台北市,信義區,12,187,10.10
34012,2021-06-01,2021-06-01,台北市,信義區,6,175,12.90
34260,2021-05-31,2021-05-31,台北市,信義區,10,169,14.40
34508,2021-05-30,2021-05-30,台北市,信義區,8,159,16.00
34756,2021-05-29,2021-05-29,台北市,信義區,11,151,16.30
35003,2021-05-28,2021-05-28,台北市,信義區,10,140,15.00
35251,2021-05-27,2021-05-27,台北市,信義區,14,130,14.40
35499,2021-05-26,2021-05-26,台北市,信義區,31,116,13.30
35747,2021-05-25,2021-05-25,台北市,信義區,17,85,9.00
35995,2021-05-24,2021-05-24,台北市,信義區,21,68,7.90
36246,2021-05-23,2021-05-23,台北市,信義區,10,47,5.30
36496,2021-05-22,2021-05-22,台北市,信義區,2,37,4.40
36741,2021-05-21,2021-05-21,台北市,信義區,6,35,4.90
36988,2021-05-20,2021-05-20,台北市,信義區,6,29,4.00
37238,2021-05-19,2021-05-19,台北市,信義區,1,23,3.10
37485,2021-05-18,2021-05-18,台北市,信義區,9,22,3.00
37733,2021-05-17,2021-05-17,台北市,信義區,3,13,1.70
37979,2021-05-16,2021-05-16,台北市,信義區,4,10,1.30
38229,2021-05-15,2021-05-15,台北市,信義區,5,6,0.70
38478,2021-05-14,2021-05-14,台北市,信義區,0,1,0.00
38725,2021-05-13,2021-05-13,台北市,信義區,0,1,0.00
38973,2021-05-12,2021-05-12,台北市,信義區,0,1,0.00
39220,2021-05-11,2021-05-11,台北市,信義區,0,1,0.00
39468,2021-05-10,2021-05-10,台北市,信義區,0,1,0.00
39716,2021-05-09,2021-05-09,台北市,信義區,0,1,0.00
39964,2021-05-08,2021-05-08,台北市,信義區,0,1,0.00
40212,2021-05-07,2021-05-07,台北市,信義區,0,1,0.00
40460,2021-05-06,2021-05-06,台北市,信義區,0,1,0.00
40708,2021-05-05,2021-05-05,台北市,信義區,0,1,0.00
40956,2021-05-04,2021-05-04,台北市,信義區,0,1,0.00
41204,2021-05-03,2021-05-03,台北市,信義區,0,1,0.00
41452,2021-05-02,2021-05-02,台北市,信義區,0,1,0.00
41700,2021-05-01,2021-05-01,台北市,信義區,0,1,0.00
