id,個案研判日,個案公布日,縣市,區域,新增確診人數,累計確診人數,七天移動平均新增確診
280,2021-10-15,2021-10-16,台北市,全區,0,4868,0.00
528,2021-10-14,2021-10-15,台北市,全區,0,4868,0.10
776,2021-10-13,2021-10-14,台北市,全區,0,4868,0.10
1024,2021-10-12,2021-10-13,台北市,全區,0,4868,0.10
1272,2021-10-11,2021-10-12,台北市,全區,0,4868,0.10
1520,2021-10-10,2021-10-11,台北市,全區,0,4868,0.10
1768,2021-10-09,2021-10-10,台北市,全區,0,4868,0.10
2016,2021-10-08,2021-10-09,台北市,全區,1,4868,0.10
2264,2021-10-07,2021-10-08,台北市,全區,0,4867,0.00
2512,2021-10-06,2021-10-07,台北市,全區,0,4867,0.00
2760,2021-10-05,2021-10-06,台北市,全區,0,4867,0.00
3008,2021-10-04,2021-10-05,台北市,全區,0,4867,0.00
3256,2021-10-03,2021-10-04,台北市,全區,0,4867,0.10
3504,2021-10-02,2021-10-03,台北市,全區,0,4867,0.10
3752,2021-10-01,2021-10-02,台北市,全區,0,4867,0.10
4000,2021-09-30,2021-10-01,台北市,全區,0,4867,0.10
4248,2021-09-29,2021-09-30,台北市,全區,0,4867,0.10
4496,2021-09-28,2021-09-29,台北市,全區,0,4867,0.10
4744,2021-09-27,2021-09-28,台北市,全區,1,4867,0.10
4992,2021-09-26,2021-09-27,台北市,全區,0,4866,0.00
5240,2021-09-25,2021-09-26,台北市,全區,0,4866,0.10
5488,2021-09-24,2021-09-25,台北市,全區,0,4866,0.30
5736,2021-09-23,2021-09-24,台北市,全區,0,4866,0.30
5984,2021-09-22,2021-09-23,台北市,全區,0,4866,0.60
6232,2021-09-21,2021-09-22,台北市,全區,0,4866,0.60
6480,2021-09-20,2021-09-21,台北市,全區,0,4866,0.60
6728,2021-09-19,2021-09-20,台北市,全區,1,4866,0.60
6976,2021-09-18,2021-09-19,台北市,全區,1,4865,0.40
7224,2021-09-17,2021-09-18,台北市,全區,0,4864,0.40
7472,2021-09-16,2021-09-17,台北市,全區,2,4864,0.40
7720,2021-09-15,2021-09-16,台北市,全區,0,4862,0.30
7968,2021-09-14,2021-09-15,台北市,全區,0,4862,0.60
8216,2021-09-13,2021-09-14,台北市,全區,0,4862,0.60
8464,2021-09-12,2021-09-13,台北市,全區,0,4862,0.70
8712,2021-09-11,2021-09-12,台北市,全區,1,4862,0.70
8960,2021-09-10,2021-09-11,台北市,全區,0,4861,0.60
9208,2021-09-09,2021-09-10,台北市,全區,1,4861,0.60
9456,2021-09-08,2021-09-09,台北市,全區,2,4860,0.40
9704,2021-09-07,2021-09-08,台北市,全區,0,4858,0.30
9952,2021-09-06,2021-09-07,台北市,全區,1,4858,0.40
10200,2021-09-05,2021-09-06,台北市,全區,0,4857,0.40
10448,2021-09-04,2021-09-05,台北市,全區,0,4857,0.40
10696,2021-09-03,2021-09-04,台北市,全區,0,4857,0.60
10944,2021-09-02,2021-09-03,台北市,全區,0,4857,0.60
11192,2021-09-01,2021-09-02,台北市,全區,1,4857,0.60
11440,2021-08-31,2021-09-01,台北市,全區,1,4856,0.60
11688,2021-08-30,2021-08-31,台北市,全區,1,4855,0.40
11936,2021-08-29,2021-08-30,台北市,全區,0,4854,0.30
12184,2021-08-28,2021-08-29,台北市,全區,1,4854,0.30
12432,2021-08-27,2021-08-28,台北市,全區,0,4853,0.60
12680,2021-08-26,2021-08-27,台北市,全區,0,4853,0.60
12928,2021-08-25,2021-08-26,台北市,全區,1,4853,0.90
13176,2021-08-24,2021-08-25,台北市,全區,0,4852,0.70
13424,2021-08-23,2021-08-24,台北市,全區,0,4852,1.30
13672,2021-08-22,2021-08-23,台北市,全區,0,4852,1.60
13920,2021-08-21,2021-08-22,台北市,全區,3,4852,1.70
14168,2021-08-20,2021-08-21,台北市,全區,0,4849,1.40
14416,2021-08-19,2021-08-20,台北市,全區,2,4849,1.60
14664,2021-08-18,2021-08-19,台北市,全區,0,4847,1.60
14912,2021-08-17,2021-08-18,台北市,全區,4,4847,2.00
15160,2021-08-16,2021-08-17,台北市,全區,2,4843,2.00
15408,2021-08-15,2021-08-16,台北市,全區,1,4841,1.70
15656,2021-08-14,2021-08-15,台北市,全區,1,4840,1.90
15904,2021-08-13,2021-08-14,台北市,全區,1,4839,2.00
16152,2021-08-12,2021-08-13,台北市,全區,2,4838,2.00
16400,2021-08-11,2021-08-12,台北市,全區,3,4836,2.10
16648,2021-08-10,2021-08-11,台北市,全區,4,4833,1.90
16896,2021-08-09,2021-08-10,台北市,全區,0,4829,2.00
17144,2021-08-08,2021-08-09,台北市,全區,2,4829,2.60
17392,2021-08-07,2021-08-08,台北市,全區,2,4827,2.60
17640,2021-08-06,2021-08-07,台北市,全區,1,4825,2.90
17888,2021-08-05,2021-08-06,台北市,全區,3,4824,3.30
18136,2021-08-04,2021-08-05,台北市,全區,1,4821,3.90
18384,2021-08-03,2021-08-04,台北市,全區,5,4820,4.60
18632,2021-08-02,2021-08-03,台北市,全區,4,4815,4.70
18880,2021-08-01,2021-08-02,台北市,全區,2,4811,4.70
19128,2021-07-31,2021-08-01,台北市,全區,4,4809,5.00
19376,2021-07-30,2021-07-31,台北市,全區,4,4805,5.40
19624,2021-07-29,2021-07-30,台北市,全區,7,4801,5.90
19872,2021-07-28,2021-07-29,台北市,全區,6,4794,5.40
20120,2021-07-27,2021-07-28,台北市,全區,6,4788,4.60
20368,2021-07-26,2021-07-27,台北市,全區,4,4782,6.60
20616,2021-07-25,2021-07-26,台北市,全區,4,4778,7.00
20864,2021-07-24,2021-07-25,台北市,全區,7,4774,6.60
21112,2021-07-23,2021-07-24,台北市,全區,7,4767,6.30
21360,2021-07-22,2021-07-23,台北市,全區,4,4760,5.40
21608,2021-07-21,2021-07-21,台北市,全區,20,4756,8.00
21856,2021-07-20,2021-07-20,台北市,全區,7,4736,6.40
22104,2021-07-19,2021-07-19,台北市,全區,1,4729,6.40
22352,2021-07-18,2021-07-18,台北市,全區,5,4728,7.60
22600,2021-07-17,2021-07-17,台北市,全區,1,4723,8.40
22848,2021-07-16,2021-07-16,台北市,全區,13,4722,10.00
23096,2021-07-15,2021-07-15,台北市,全區,9,4709,10.90
23344,2021-07-14,2021-07-14,台北市,全區,9,4700,11.30
23592,2021-07-13,2021-07-13,台北市,全區,7,4691,12.00
23840,2021-07-12,2021-07-12,台北市,全區,9,4684,12.90
24088,2021-07-11,2021-07-11,台北市,全區,11,4675,13.60
24336,2021-07-10,2021-07-10,台北市,全區,12,4664,14.40
24584,2021-07-09,2021-07-09,台北市,全區,19,4652,19.60
24832,2021-07-08,2021-07-08,台北市,全區,12,4633,21.00
25080,2021-07-07,2021-07-07,台北市,全區,14,4621,21.90
25328,2021-07-06,2021-07-06,台北市,全區,13,4607,22.70
25576,2021-07-05,2021-07-05,台北市,全區,14,4594,23.70
25824,2021-07-04,2021-07-04,台北市,全區,17,4580,24.90
26072,2021-07-03,2021-07-03,台北市,全區,48,4563,27.10
26320,2021-07-02,2021-07-02,台北市,全區,29,4515,24.60
26568,2021-07-01,2021-07-01,台北市,全區,18,4486,23.10
26816,2021-06-30,2021-06-30,台北市,全區,20,4468,25.60
27064,2021-06-29,2021-06-29,台北市,全區,20,4448,25.90
27312,2021-06-28,2021-06-28,台北市,全區,22,4428,26.40
27560,2021-06-27,2021-06-27,台北市,全區,33,4406,26.30
27808,2021-06-26,2021-06-26,台北市,全區,30,4373,26.10
28056,2021-06-25,2021-06-25,台北市,全區,19,4343,26.00
28304,2021-06-24,2021-06-24,台北市,全區,35,4324,33.40
28552,2021-06-23,2021-06-23,台北市,全區,22,4289,33.70
28800,2021-06-22,2021-06-22,台北市,全區,24,4267,37.90
29048,2021-06-21,2021-06-21,台北市,全區,21,4243,38.30
29296,2021-06-20,2021-06-20,台北市,全區,32,4222,41.00
29544,2021-06-19,2021-06-19,台北市,全區,29,4190,45.40
29792,2021-06-18,2021-06-18,台北市,全區,71,4161,50.90
30040,2021-06-17,2021-06-17,台北市,全區,37,4090,47.40
30288,2021-06-16,2021-06-16,台北市,全區,51,4053,50.30
30536,2021-06-15,2021-06-15,台北市,全區,27,4002,51.60
30784,2021-06-14,2021-06-14,台北市,全區,40,3975,55.40
31032,2021-06-13,2021-06-13,台北市,全區,63,3935,58.10
31280,2021-06-12,2021-06-12,台北市,全區,67,3872,58.40
31528,2021-06-11,2021-06-11,台北市,全區,47,3805,68.70
31776,2021-06-10,2021-06-10,台北市,全區,57,3758,82.70
32024,2021-06-09,2021-06-09,台北市,全區,60,3701,106.10
32272,2021-06-08,2021-06-08,台北市,全區,54,3641,118.40
32520,2021-06-07,2021-06-07,台北市,全區,59,3587,123.40
32768,2021-06-06,2021-06-06,台北市,全區,65,3528,132.30
33016,2021-06-05,2021-06-05,台北市,全區,139,3463,134.70
33264,2021-06-04,2021-06-04,台北市,全區,145,3324,139.00
33512,2021-06-03,2021-06-03,台北市,全區,221,3179,148.40
33760,2021-06-02,2021-06-02,台北市,全區,146,2958,148.70
34008,2021-06-01,2021-06-01,台北市,全區,89,2812,172.10
34256,2021-05-31,2021-05-31,台北市,全區,121,2723,187.40
34504,2021-05-30,2021-05-30,台北市,全區,82,2602,205.10
34752,2021-05-29,2021-05-29,台北市,全區,169,2520,216.90
35000,2021-05-28,2021-05-28,台北市,全區,211,2351,230.40
35248,2021-05-27,2021-05-27,台北市,全區,223,2140,218.10
35496,2021-05-26,2021-05-26,台北市,全區,310,1917,197.90
35744,2021-05-25,2021-05-25,台北市,全區,196,1607,163.60
35992,2021-05-24,2021-05-24,台北市,全區,245,1411,150.30
36240,2021-05-23,2021-05-23,台北市,全區,164,1166,137.90
36488,2021-05-22,2021-05-22,台北市,全區,264,1002,127.70
36736,2021-05-21,2021-05-21,台北市,全區,125,738,102.30
36984,2021-05-20,2021-05-20,台北市,全區,81,613,85.30
37232,2021-05-19,2021-05-19,台北市,全區,70,532,74.00
37480,2021-05-18,2021-05-18,台北市,全區,103,462,64.10
37728,2021-05-17,2021-05-17,台北市,全區,158,359,49.60
37976,2021-05-16,2021-05-16,台北市,全區,93,201,27.00
38224,2021-05-15,2021-05-15,台北市,全區,86,108,13.70
38472,2021-05-14,2021-05-14,台北市,全區,6,22,1.60
38720,2021-05-13,2021-05-13,台北市,全區,2,16,0.70
38968,2021-05-12,2021-05-12,台北市,全區,1,14,0.40
39216,2021-05-11,2021-05-11,台北市,全區,1,13,0.30
39464,2021-05-10,2021-05-10,台北市,全區,0,12,0.10
39712,2021-05-09,2021-05-09,台北市,全區,0,12,0.10
39960,2021-05-08,2021-05-08,台北市,全區,1,12,0.30
40208,2021-05-07,2021-05-07,台北市,全區,0,11,0.30
40456,2021-05-06,2021-05-06,台北市,全區,0,11,0.30
40704,2021-05-05,2021-05-05,台北市,全區,0,11,0.30
40952,2021-05-04,2021-05-04,台北市,全區,0,11,0.30
41200,2021-05-03,2021-05-03,台北市,全區,0,11,0.30
41448,2021-05-02,2021-05-02,台北市,全區,1,11,0.30
41696,2021-05-01,2021-05-01,台北市,全區,1,10,0.10
