id,個案研判日,個案公布日,縣市,區域,新增確診人數,累計確診人數,七天移動平均新增確診
41,2021-10-16,2021-10-17,台北市,北投區,0,237,0.00
289,2021-10-15,2021-10-16,台北市,北投區,0,237,0.00
537,2021-10-14,2021-10-15,台北市,北投區,0,237,0.00
785,2021-10-13,2021-10-14,台北市,北投區,0,237,0.00
1033,2021-10-12,2021-10-13,台北市,北投區,0,237,0.00
1281,2021-10-11,2021-10-12,台北市,北投區,0,237,0.00
1529,2021-10-10,2021-10-11,台北市,北投區,0,237,0.00
1777,2021-10-09,2021-10-10,台北市,北投區,0,237,0.00
2025,2021-10-08,2021-10-09,台北市,北投區,0,237,0.00
2273,2021-10-07,2021-10-08,台北市,北投區,0,237,0.00
2521,2021-10-06,2021-10-07,台北市,北投區,0,237,0.00
2769,2021-10-05,2021-10-06,台北市,北投區,0,237,0.00
3017,2021-10-04,2021-10-05,台北市,北投區,0,237,0.00
3265,2021-10-03,2021-10-04,台北市,北投區,0,237,0.00
3513,2021-10-02,2021-10-03,台北市,北投區,0,237,0.00
3761,2021-10-01,2021-10-02,台北市,北投區,0,237,0.00
4009,2021-09-30,2021-10-01,台北市,北投區,0,237,0.00
4257,2021-09-29,2021-09-30,台北市,北投區,0,237,0.00
4505,2021-09-28,2021-09-29,台北市,北投區,0,237,0.00
4753,2021-09-27,2021-09-28,台北市,北投區,0,237,0.00
5001,2021-09-26,2021-09-27,台北市,北投區,0,237,0.00
5249,2021-09-25,2021-09-26,台北市,北投區,0,237,0.10
5497,2021-09-24,2021-09-25,台北市,北投區,0,237,0.10
5745,2021-09-23,2021-09-24,台北市,北投區,0,237,0.10
5993,2021-09-22,2021-09-23,台北市,北投區,0,237,0.10
6241,2021-09-21,2021-09-22,台北市,北投區,0,237,0.10
6489,2021-09-20,2021-09-21,台北市,北投區,0,237,0.10
6737,2021-09-19,2021-09-20,台北市,北投區,1,237,0.10
6985,2021-09-18,2021-09-19,台北市,北投區,0,236,0.00
7233,2021-09-17,2021-09-18,台北市,北投區,0,236,0.00
7481,2021-09-16,2021-09-17,台北市,北投區,0,236,0.00
7729,2021-09-15,2021-09-16,台北市,北投區,0,236,0.00
7977,2021-09-14,2021-09-15,台北市,北投區,0,236,0.00
8225,2021-09-13,2021-09-14,台北市,北投區,0,236,0.00
8473,2021-09-12,2021-09-13,台北市,北投區,0,236,0.10
8721,2021-09-11,2021-09-12,台北市,北投區,0,236,0.10
8969,2021-09-10,2021-09-11,台北市,北投區,0,236,0.10
9217,2021-09-09,2021-09-10,台北市,北投區,0,236,0.10
9465,2021-09-08,2021-09-09,台北市,北投區,0,236,0.10
9713,2021-09-07,2021-09-08,台北市,北投區,0,236,0.10
9961,2021-09-06,2021-09-07,台北市,北投區,1,236,0.10
10209,2021-09-05,2021-09-06,台北市,北投區,0,235,0.00
10457,2021-09-04,2021-09-05,台北市,北投區,0,235,0.00
10705,2021-09-03,2021-09-04,台北市,北投區,0,235,0.10
10953,2021-09-02,2021-09-03,台北市,北投區,0,235,0.10
11201,2021-09-01,2021-09-02,台北市,北投區,0,235,0.10
11449,2021-08-31,2021-09-01,台北市,北投區,0,235,0.10
11697,2021-08-30,2021-08-31,台北市,北投區,0,235,0.10
11945,2021-08-29,2021-08-30,台北市,北投區,0,235,0.10
12193,2021-08-28,2021-08-29,台北市,北投區,1,235,0.10
12441,2021-08-27,2021-08-28,台北市,北投區,0,234,0.00
12689,2021-08-26,2021-08-27,台北市,北投區,0,234,0.00
12937,2021-08-25,2021-08-26,台北市,北投區,0,234,0.00
13185,2021-08-24,2021-08-25,台北市,北投區,0,234,0.00
13433,2021-08-23,2021-08-24,台北市,北投區,0,234,0.00
13681,2021-08-22,2021-08-23,台北市,北投區,0,234,0.00
13929,2021-08-21,2021-08-22,台北市,北投區,0,234,0.00
14177,2021-08-20,2021-08-21,台北市,北投區,0,234,0.00
14425,2021-08-19,2021-08-20,台北市,北投區,0,234,0.00
14673,2021-08-18,2021-08-19,台北市,北投區,0,234,0.00
14921,2021-08-17,2021-08-18,台北市,北投區,0,234,0.00
15169,2021-08-16,2021-08-17,台北市,北投區,0,234,0.00
15417,2021-08-15,2021-08-16,台北市,北投區,0,234,0.00
15665,2021-08-14,2021-08-15,台北市,北投區,0,234,0.00
15913,2021-08-13,2021-08-14,台北市,北投區,0,234,0.00
16161,2021-08-12,2021-08-13,台北市,北投區,0,234,0.00
16409,2021-08-11,2021-08-12,台北市,北投區,0,234,0.00
16657,2021-08-10,2021-08-11,台北市,北投區,0,234,0.00
16905,2021-08-09,2021-08-10,台北市,北投區,0,234,0.00
17153,2021-08-08,2021-08-09,台北市,北投區,0,234,0.00
17401,2021-08-07,2021-08-08,台北市,北投區,0,234,0.00
17649,2021-08-06,2021-08-07,台北市,北投區,0,234,0.10
17897,2021-08-05,2021-08-06,台北市,北投區,0,234,0.10
18145,2021-08-04,2021-08-05,台北市,北投區,0,234,0.10
18393,2021-08-03,2021-08-04,台北市,北投區,0,234,0.30
18641,2021-08-02,2021-08-03,台北市,北投區,0,234,0.30
18889,2021-08-01,2021-08-02,台北市,北投區,0,234,0.30
19137,2021-07-31,2021-08-01,台北市,北投區,1,234,0.30
19385,2021-07-30,2021-07-31,台北市,北投區,0,233,0.30
19633,2021-07-29,2021-07-30,台北市,北投區,0,233,0.30
19881,2021-07-28,2021-07-29,台北市,北投區,1,233,0.30
20129,2021-07-27,2021-07-28,台北市,北投區,0,232,0.10
20377,2021-07-26,2021-07-27,台北市,北投區,0,232,0.10
20625,2021-07-25,2021-07-26,台北市,北投區,0,232,0.60
20873,2021-07-24,2021-07-25,台北市,北投區,1,232,0.60
21121,2021-07-23,2021-07-24,台北市,北投區,0,231,0.40
21369,2021-07-22,2021-07-23,台北市,北投區,0,231,0.40
21617,2021-07-21,2021-07-21,台北市,北投區,0,231,0.60
21865,2021-07-20,2021-07-20,台北市,北投區,3,231,0.60
22113,2021-07-19,2021-07-19,台北市,北投區,0,228,0.10
22361,2021-07-18,2021-07-18,台北市,北投區,0,228,0.10
22609,2021-07-17,2021-07-17,台北市,北投區,0,228,0.10
22857,2021-07-16,2021-07-16,台北市,北投區,1,228,0.10
23105,2021-07-15,2021-07-15,台北市,北投區,0,227,0.00
23353,2021-07-14,2021-07-14,台北市,北投區,0,227,0.00
23601,2021-07-13,2021-07-13,台北市,北投區,0,227,0.00
23849,2021-07-12,2021-07-12,台北市,北投區,0,227,0.00
24097,2021-07-11,2021-07-11,台北市,北投區,0,227,0.00
24345,2021-07-10,2021-07-10,台北市,北投區,0,227,0.10
24593,2021-07-09,2021-07-09,台北市,北投區,0,227,0.40
24841,2021-07-08,2021-07-08,台北市,北投區,0,227,0.40
25089,2021-07-07,2021-07-07,台北市,北投區,0,227,0.40
25337,2021-07-06,2021-07-06,台北市,北投區,0,227,1.10
25585,2021-07-05,2021-07-05,台北市,北投區,0,227,1.10
25833,2021-07-04,2021-07-04,台北市,北投區,1,227,1.70
26081,2021-07-03,2021-07-03,台北市,北投區,2,226,2.10
26329,2021-07-02,2021-07-02,台北市,北投區,0,224,2.00
26577,2021-07-01,2021-07-01,台北市,北投區,0,224,2.00
26825,2021-06-30,2021-06-30,台北市,北投區,5,224,2.00
27073,2021-06-29,2021-06-29,台北市,北投區,0,219,1.30
27321,2021-06-28,2021-06-28,台北市,北投區,4,219,1.40
27569,2021-06-27,2021-06-27,台北市,北投區,4,215,1.00
27817,2021-06-26,2021-06-26,台北市,北投區,1,211,0.60
28065,2021-06-25,2021-06-25,台北市,北投區,0,210,0.60
28313,2021-06-24,2021-06-24,台北市,北投區,0,210,1.00
28561,2021-06-23,2021-06-23,台北市,北投區,0,210,1.00
28809,2021-06-22,2021-06-22,台北市,北投區,1,210,1.40
29057,2021-06-21,2021-06-21,台北市,北投區,1,209,2.10
29305,2021-06-20,2021-06-20,台北市,北投區,1,208,3.10
29553,2021-06-19,2021-06-19,台北市,北投區,1,207,4.30
29801,2021-06-18,2021-06-18,台北市,北投區,3,206,5.10
30049,2021-06-17,2021-06-17,台北市,北投區,0,203,4.90
30297,2021-06-16,2021-06-16,台北市,北投區,3,203,5.70
30545,2021-06-15,2021-06-15,台北市,北投區,6,200,5.70
30793,2021-06-14,2021-06-14,台北市,北投區,8,194,5.60
31041,2021-06-13,2021-06-13,台北市,北投區,9,186,4.90
31289,2021-06-12,2021-06-12,台北市,北投區,7,177,4.40
31537,2021-06-11,2021-06-11,台北市,北投區,1,170,5.10
31785,2021-06-10,2021-06-10,台北市,北投區,6,169,6.40
32033,2021-06-09,2021-06-09,台北市,北投區,3,163,6.10
32281,2021-06-08,2021-06-08,台北市,北投區,5,160,7.00
32529,2021-06-07,2021-06-07,台北市,北投區,3,155,6.70
32777,2021-06-06,2021-06-06,台北市,北投區,6,152,7.10
33025,2021-06-05,2021-06-05,台北市,北投區,12,146,7.10
33273,2021-06-04,2021-06-04,台北市,北投區,10,134,6.90
33521,2021-06-03,2021-06-03,台北市,北投區,4,124,8.10
33769,2021-06-02,2021-06-02,台北市,北投區,9,120,8.30
34017,2021-06-01,2021-06-01,台北市,北投區,3,111,8.30
34265,2021-05-31,2021-05-31,台北市,北投區,6,108,8.40
34513,2021-05-30,2021-05-30,台北市,北投區,6,102,9.30
34761,2021-05-29,2021-05-29,台北市,北投區,10,96,9.40
35009,2021-05-28,2021-05-28,台北市,北投區,19,86,8.90
35257,2021-05-27,2021-05-27,台北市,北投區,5,67,6.90
35505,2021-05-26,2021-05-26,台北市,北投區,9,62,6.90
35753,2021-05-25,2021-05-25,台北市,北投區,4,53,5.70
36001,2021-05-24,2021-05-24,台北市,北投區,12,49,5.30
36249,2021-05-23,2021-05-23,台北市,北投區,7,37,4.30
36499,2021-05-22,2021-05-22,台北市,北投區,6,30,3.30
36745,2021-05-21,2021-05-21,台北市,北投區,5,24,3.10
36994,2021-05-20,2021-05-20,台北市,北投區,5,19,2.60
37243,2021-05-19,2021-05-19,台北市,北投區,1,14,2.00
37490,2021-05-18,2021-05-18,台北市,北投區,1,13,1.90
37736,2021-05-17,2021-05-17,台北市,北投區,5,12,1.70
37982,2021-05-16,2021-05-16,台北市,北投區,0,7,1.00
38227,2021-05-15,2021-05-15,台北市,北投區,5,7,1.00
38476,2021-05-14,2021-05-14,台北市,北投區,1,2,0.30
38726,2021-05-13,2021-05-13,台北市,北投區,1,1,0.10
38977,2021-05-12,2021-05-12,台北市,北投區,0,0,0.00
39225,2021-05-11,2021-05-11,台北市,北投區,0,0,0.00
39473,2021-05-10,2021-05-10,台北市,北投區,0,0,0.00
39721,2021-05-09,2021-05-09,台北市,北投區,0,0,0.00
39969,2021-05-08,2021-05-08,台北市,北投區,0,0,0.00
40217,2021-05-07,2021-05-07,台北市,北投區,0,0,0.00
40465,2021-05-06,2021-05-06,台北市,北投區,0,0,0.00
40713,2021-05-05,2021-05-05,台北市,北投區,0,0,0.00
40961,2021-05-04,2021-05-04,台北市,北投區,0,0,0.00
41209,2021-05-03,2021-05-03,台北市,北投區,0,0,0.00
41457,2021-05-02,2021-05-02,台北市,北投區,0,0,0.00
41705,2021-05-01,2021-05-01,台北市,北投區,0,0,0.00
