id,個案研判日,個案公布日,縣市,區域,新增確診人數,累計確診人數,七天移動平均新增確診
36,2021-10-16,2021-10-17,台北市,大同區,0,303,0.00
284,2021-10-15,2021-10-16,台北市,大同區,0,303,0.00
532,2021-10-14,2021-10-15,台北市,大同區,0,303,0.00
780,2021-10-13,2021-10-14,台北市,大同區,0,303,0.00
1028,2021-10-12,2021-10-13,台北市,大同區,0,303,0.00
1276,2021-10-11,2021-10-12,台北市,大同區,0,303,0.00
1524,2021-10-10,2021-10-11,台北市,大同區,0,303,0.00
1772,2021-10-09,2021-10-10,台北市,大同區,0,303,0.00
2020,2021-10-08,2021-10-09,台北市,大同區,0,303,0.00
2268,2021-10-07,2021-10-08,台北市,大同區,0,303,0.00
2516,2021-10-06,2021-10-07,台北市,大同區,0,303,0.00
2764,2021-10-05,2021-10-06,台北市,大同區,0,303,0.00
3012,2021-10-04,2021-10-05,台北市,大同區,0,303,0.00
3260,2021-10-03,2021-10-04,台北市,大同區,0,303,0.00
3508,2021-10-02,2021-10-03,台北市,大同區,0,303,0.00
3756,2021-10-01,2021-10-02,台北市,大同區,0,303,0.00
4004,2021-09-30,2021-10-01,台北市,大同區,0,303,0.00
4252,2021-09-29,2021-09-30,台北市,大同區,0,303,0.00
4500,2021-09-28,2021-09-29,台北市,大同區,0,303,0.00
4748,2021-09-27,2021-09-28,台北市,大同區,0,303,0.00
4996,2021-09-26,2021-09-27,台北市,大同區,0,303,0.00
5244,2021-09-25,2021-09-26,台北市,大同區,0,303,0.00
5492,2021-09-24,2021-09-25,台北市,大同區,0,303,0.00
5740,2021-09-23,2021-09-24,台北市,大同區,0,303,0.00
5988,2021-09-22,2021-09-23,台北市,大同區,0,303,0.10
6236,2021-09-21,2021-09-22,台北市,大同區,0,303,0.10
6484,2021-09-20,2021-09-21,台北市,大同區,0,303,0.10
6732,2021-09-19,2021-09-20,台北市,大同區,0,303,0.10
6980,2021-09-18,2021-09-19,台北市,大同區,0,303,0.10
7228,2021-09-17,2021-09-18,台北市,大同區,0,303,0.10
7476,2021-09-16,2021-09-17,台北市,大同區,1,303,0.10
7724,2021-09-15,2021-09-16,台北市,大同區,0,302,0.00
7972,2021-09-14,2021-09-15,台北市,大同區,0,302,0.00
8220,2021-09-13,2021-09-14,台北市,大同區,0,302,0.00
8468,2021-09-12,2021-09-13,台北市,大同區,0,302,0.00
8716,2021-09-11,2021-09-12,台北市,大同區,0,302,0.00
8964,2021-09-10,2021-09-11,台北市,大同區,0,302,0.00
9212,2021-09-09,2021-09-10,台北市,大同區,0,302,0.00
9460,2021-09-08,2021-09-09,台北市,大同區,0,302,0.00
9708,2021-09-07,2021-09-08,台北市,大同區,0,302,0.00
9956,2021-09-06,2021-09-07,台北市,大同區,0,302,0.00
10204,2021-09-05,2021-09-06,台北市,大同區,0,302,0.00
10452,2021-09-04,2021-09-05,台北市,大同區,0,302,0.00
10700,2021-09-03,2021-09-04,台北市,大同區,0,302,0.00
10948,2021-09-02,2021-09-03,台北市,大同區,0,302,0.00
11196,2021-09-01,2021-09-02,台北市,大同區,0,302,0.00
11444,2021-08-31,2021-09-01,台北市,大同區,0,302,0.00
11692,2021-08-30,2021-08-31,台北市,大同區,0,302,0.00
11940,2021-08-29,2021-08-30,台北市,大同區,0,302,0.00
12188,2021-08-28,2021-08-29,台北市,大同區,0,302,0.00
12436,2021-08-27,2021-08-28,台北市,大同區,0,302,0.10
12684,2021-08-26,2021-08-27,台北市,大同區,0,302,0.10
12932,2021-08-25,2021-08-26,台北市,大同區,0,302,0.10
13180,2021-08-24,2021-08-25,台北市,大同區,0,302,0.10
13428,2021-08-23,2021-08-24,台北市,大同區,0,302,0.10
13676,2021-08-22,2021-08-23,台北市,大同區,0,302,0.10
13924,2021-08-21,2021-08-22,台北市,大同區,1,302,0.10
14172,2021-08-20,2021-08-21,台北市,大同區,0,301,0.00
14420,2021-08-19,2021-08-20,台北市,大同區,0,301,0.00
14668,2021-08-18,2021-08-19,台北市,大同區,0,301,0.00
14916,2021-08-17,2021-08-18,台北市,大同區,0,301,0.10
15164,2021-08-16,2021-08-17,台北市,大同區,0,301,0.30
15412,2021-08-15,2021-08-16,台北市,大同區,0,301,0.30
15660,2021-08-14,2021-08-15,台北市,大同區,0,301,0.30
15908,2021-08-13,2021-08-14,台北市,大同區,0,301,0.30
16156,2021-08-12,2021-08-13,台北市,大同區,0,301,0.30
16404,2021-08-11,2021-08-12,台北市,大同區,1,301,0.30
16652,2021-08-10,2021-08-11,台北市,大同區,1,300,0.10
16900,2021-08-09,2021-08-10,台北市,大同區,0,299,0.00
17148,2021-08-08,2021-08-09,台北市,大同區,0,299,0.00
17396,2021-08-07,2021-08-08,台北市,大同區,0,299,0.00
17644,2021-08-06,2021-08-07,台北市,大同區,0,299,0.00
17892,2021-08-05,2021-08-06,台北市,大同區,0,299,0.00
18140,2021-08-04,2021-08-05,台北市,大同區,0,299,0.00
18388,2021-08-03,2021-08-04,台北市,大同區,0,299,0.00
18636,2021-08-02,2021-08-03,台北市,大同區,0,299,0.00
18884,2021-08-01,2021-08-02,台北市,大同區,0,299,0.10
19132,2021-07-31,2021-08-01,台北市,大同區,0,299,0.10
19380,2021-07-30,2021-07-31,台北市,大同區,0,299,0.10
19628,2021-07-29,2021-07-30,台北市,大同區,0,299,0.10
19876,2021-07-28,2021-07-29,台北市,大同區,0,299,0.10
20124,2021-07-27,2021-07-28,台北市,大同區,0,299,0.10
20372,2021-07-26,2021-07-27,台北市,大同區,1,299,0.10
20620,2021-07-25,2021-07-26,台北市,大同區,0,298,0.00
20868,2021-07-24,2021-07-25,台北市,大同區,0,298,0.00
21116,2021-07-23,2021-07-24,台北市,大同區,0,298,0.00
21364,2021-07-22,2021-07-23,台北市,大同區,0,298,0.00
21612,2021-07-21,2021-07-21,台北市,大同區,0,298,0.10
21860,2021-07-20,2021-07-20,台北市,大同區,0,298,0.10
22108,2021-07-19,2021-07-19,台北市,大同區,0,298,0.10
22356,2021-07-18,2021-07-18,台北市,大同區,0,298,0.10
22604,2021-07-17,2021-07-17,台北市,大同區,0,298,0.10
22852,2021-07-16,2021-07-16,台北市,大同區,0,298,0.10
23100,2021-07-15,2021-07-15,台北市,大同區,1,298,0.40
23348,2021-07-14,2021-07-14,台北市,大同區,0,297,0.30
23596,2021-07-13,2021-07-13,台北市,大同區,0,297,0.30
23844,2021-07-12,2021-07-12,台北市,大同區,0,297,0.30
24092,2021-07-11,2021-07-11,台北市,大同區,0,297,0.30
24340,2021-07-10,2021-07-10,台北市,大同區,0,297,0.60
24588,2021-07-09,2021-07-09,台北市,大同區,2,297,0.90
24836,2021-07-08,2021-07-08,台北市,大同區,0,295,1.10
25084,2021-07-07,2021-07-07,台北市,大同區,0,295,1.10
25332,2021-07-06,2021-07-06,台北市,大同區,0,295,1.40
25580,2021-07-05,2021-07-05,台北市,大同區,0,295,1.60
25828,2021-07-04,2021-07-04,台北市,大同區,2,295,1.90
26076,2021-07-03,2021-07-03,台北市,大同區,2,293,2.10
26324,2021-07-02,2021-07-02,台北市,大同區,4,291,1.90
26572,2021-07-01,2021-07-01,台北市,大同區,0,287,1.40
26820,2021-06-30,2021-06-30,台北市,大同區,2,287,1.90
27068,2021-06-29,2021-06-29,台北市,大同區,1,285,1.60
27316,2021-06-28,2021-06-28,台北市,大同區,2,284,1.40
27564,2021-06-27,2021-06-27,台北市,大同區,4,282,1.40
27812,2021-06-26,2021-06-26,台北市,大同區,0,278,1.30
28060,2021-06-25,2021-06-25,台北市,大同區,1,278,1.40
28308,2021-06-24,2021-06-24,台北市,大同區,3,277,1.90
28556,2021-06-23,2021-06-23,台北市,大同區,0,274,2.00
28804,2021-06-22,2021-06-22,台北市,大同區,0,274,2.00
29052,2021-06-21,2021-06-21,台北市,大同區,2,274,2.60
29300,2021-06-20,2021-06-20,台北市,大同區,3,272,3.30
29548,2021-06-19,2021-06-19,台北市,大同區,1,269,3.90
29796,2021-06-18,2021-06-18,台北市,大同區,4,268,4.70
30044,2021-06-17,2021-06-17,台北市,大同區,4,264,4.60
30292,2021-06-16,2021-06-16,台北市,大同區,0,260,4.60
30540,2021-06-15,2021-06-15,台北市,大同區,4,260,5.70
30788,2021-06-14,2021-06-14,台北市,大同區,7,256,5.40
31036,2021-06-13,2021-06-13,台北市,大同區,7,249,5.10
31284,2021-06-12,2021-06-12,台北市,大同區,7,242,5.00
31532,2021-06-11,2021-06-11,台北市,大同區,3,235,6.30
31780,2021-06-10,2021-06-10,台北市,大同區,4,232,8.70
32028,2021-06-09,2021-06-09,台北市,大同區,8,228,10.30
32276,2021-06-08,2021-06-08,台北市,大同區,2,220,12.30
32524,2021-06-07,2021-06-07,台北市,大同區,5,218,12.60
32774,2021-06-06,2021-06-06,台北市,大同區,6,213,12.30
33022,2021-06-05,2021-06-05,台北市,大同區,16,207,11.70
33270,2021-06-04,2021-06-04,台北市,大同區,20,191,10.30
33518,2021-06-03,2021-06-03,台北市,大同區,15,171,9.00
33766,2021-06-02,2021-06-02,台北市,大同區,22,156,8.70
34016,2021-06-01,2021-06-01,台北市,大同區,4,134,8.40
34264,2021-05-31,2021-05-31,台北市,大同區,3,130,8.90
34510,2021-05-30,2021-05-30,台北市,大同區,2,127,9.70
34757,2021-05-29,2021-05-29,台北市,大同區,6,125,11.00
35005,2021-05-28,2021-05-28,台北市,大同區,11,119,11.10
35253,2021-05-27,2021-05-27,台北市,大同區,13,108,11.40
35501,2021-05-26,2021-05-26,台北市,大同區,20,95,9.90
35749,2021-05-25,2021-05-25,台北市,大同區,7,75,7.10
35996,2021-05-24,2021-05-24,台北市,大同區,9,68,7.40
36243,2021-05-23,2021-05-23,台北市,大同區,11,59,7.60
36491,2021-05-22,2021-05-22,台北市,大同區,7,48,6.10
36739,2021-05-21,2021-05-21,台北市,大同區,13,41,5.70
36989,2021-05-20,2021-05-20,台北市,大同區,2,28,3.90
37235,2021-05-19,2021-05-19,台北市,大同區,1,26,3.60
37483,2021-05-18,2021-05-18,台北市,大同區,9,25,3.40
37732,2021-05-17,2021-05-17,台北市,大同區,10,16,2.10
37984,2021-05-16,2021-05-16,台北市,大同區,1,6,0.70
38231,2021-05-15,2021-05-15,台北市,大同區,4,5,0.60
38479,2021-05-14,2021-05-14,台北市,大同區,0,1,0.00
38727,2021-05-13,2021-05-13,台北市,大同區,0,1,0.00
38974,2021-05-12,2021-05-12,台北市,大同區,0,1,0.00
39221,2021-05-11,2021-05-11,台北市,大同區,0,1,0.00
39469,2021-05-10,2021-05-10,台北市,大同區,0,1,0.00
39717,2021-05-09,2021-05-09,台北市,大同區,0,1,0.00
39965,2021-05-08,2021-05-08,台北市,大同區,0,1,0.00
40213,2021-05-07,2021-05-07,台北市,大同區,0,1,0.00
40461,2021-05-06,2021-05-06,台北市,大同區,0,1,0.00
40709,2021-05-05,2021-05-05,台北市,大同區,0,1,0.00
40957,2021-05-04,2021-05-04,台北市,大同區,0,1,0.00
41205,2021-05-03,2021-05-03,台北市,大同區,0,1,0.00
41453,2021-05-02,2021-05-02,台北市,大同區,0,1,0.00
41701,2021-05-01,2021-05-01,台北市,大同區,0,1,0.00
