id,個案研判日,個案公布日,縣市,區域,新增確診人數,累計確診人數,七天移動平均新增確診
37,2021-10-16,2021-10-17,台北市,大安區,0,298,0.00
285,2021-10-15,2021-10-16,台北市,大安區,0,298,0.00
533,2021-10-14,2021-10-15,台北市,大安區,0,298,0.00
781,2021-10-13,2021-10-14,台北市,大安區,0,298,0.00
1029,2021-10-12,2021-10-13,台北市,大安區,0,298,0.00
1277,2021-10-11,2021-10-12,台北市,大安區,0,298,0.00
1525,2021-10-10,2021-10-11,台北市,大安區,0,298,0.00
1773,2021-10-09,2021-10-10,台北市,大安區,0,298,0.00
2021,2021-10-08,2021-10-09,台北市,大安區,0,298,0.00
2269,2021-10-07,2021-10-08,台北市,大安區,0,298,0.00
2517,2021-10-06,2021-10-07,台北市,大安區,0,298,0.00
2765,2021-10-05,2021-10-06,台北市,大安區,0,298,0.00
3013,2021-10-04,2021-10-05,台北市,大安區,0,298,0.00
3261,2021-10-03,2021-10-04,台北市,大安區,0,298,0.00
3509,2021-10-02,2021-10-03,台北市,大安區,0,298,0.00
3757,2021-10-01,2021-10-02,台北市,大安區,0,298,0.00
4005,2021-09-30,2021-10-01,台北市,大安區,0,298,0.00
4253,2021-09-29,2021-09-30,台北市,大安區,0,298,0.00
4501,2021-09-28,2021-09-29,台北市,大安區,0,298,0.00
4749,2021-09-27,2021-09-28,台北市,大安區,0,298,0.00
4997,2021-09-26,2021-09-27,台北市,大安區,0,298,0.00
5245,2021-09-25,2021-09-26,台北市,大安區,0,298,0.00
5493,2021-09-24,2021-09-25,台北市,大安區,0,298,0.00
5741,2021-09-23,2021-09-24,台北市,大安區,0,298,0.00
5989,2021-09-22,2021-09-23,台北市,大安區,0,298,0.00
6237,2021-09-21,2021-09-22,台北市,大安區,0,298,0.00
6485,2021-09-20,2021-09-21,台北市,大安區,0,298,0.00
6733,2021-09-19,2021-09-20,台北市,大安區,0,298,0.00
6981,2021-09-18,2021-09-19,台北市,大安區,0,298,0.00
7229,2021-09-17,2021-09-18,台北市,大安區,0,298,0.00
7477,2021-09-16,2021-09-17,台北市,大安區,0,298,0.00
7725,2021-09-15,2021-09-16,台北市,大安區,0,298,0.00
7973,2021-09-14,2021-09-15,台北市,大安區,0,298,0.00
8221,2021-09-13,2021-09-14,台北市,大安區,0,298,0.00
8469,2021-09-12,2021-09-13,台北市,大安區,0,298,0.00
8717,2021-09-11,2021-09-12,台北市,大安區,0,298,0.00
8965,2021-09-10,2021-09-11,台北市,大安區,0,298,0.00
9213,2021-09-09,2021-09-10,台北市,大安區,0,298,0.00
9461,2021-09-08,2021-09-09,台北市,大安區,0,298,0.00
9709,2021-09-07,2021-09-08,台北市,大安區,0,298,0.00
9957,2021-09-06,2021-09-07,台北市,大安區,0,298,0.00
10205,2021-09-05,2021-09-06,台北市,大安區,0,298,0.00
10453,2021-09-04,2021-09-05,台北市,大安區,0,298,0.00
10701,2021-09-03,2021-09-04,台北市,大安區,0,298,0.00
10949,2021-09-02,2021-09-03,台北市,大安區,0,298,0.00
11197,2021-09-01,2021-09-02,台北市,大安區,0,298,0.00
11445,2021-08-31,2021-09-01,台北市,大安區,0,298,0.00
11693,2021-08-30,2021-08-31,台北市,大安區,0,298,0.00
11941,2021-08-29,2021-08-30,台北市,大安區,0,298,0.00
12189,2021-08-28,2021-08-29,台北市,大安區,0,298,0.00
12437,2021-08-27,2021-08-28,台北市,大安區,0,298,0.00
12685,2021-08-26,2021-08-27,台北市,大安區,0,298,0.00
12933,2021-08-25,2021-08-26,台北市,大安區,0,298,0.30
13181,2021-08-24,2021-08-25,台北市,大安區,0,298,0.30
13429,2021-08-23,2021-08-24,台北市,大安區,0,298,0.40
13677,2021-08-22,2021-08-23,台北市,大安區,0,298,0.40
13925,2021-08-21,2021-08-22,台北市,大安區,0,298,0.40
14173,2021-08-20,2021-08-21,台北市,大安區,0,298,0.40
14421,2021-08-19,2021-08-20,台北市,大安區,2,298,0.40
14669,2021-08-18,2021-08-19,台北市,大安區,0,296,0.10
14917,2021-08-17,2021-08-18,台北市,大安區,1,296,0.10
15165,2021-08-16,2021-08-17,台北市,大安區,0,295,0.00
15413,2021-08-15,2021-08-16,台北市,大安區,0,295,0.00
15661,2021-08-14,2021-08-15,台北市,大安區,0,295,0.10
15909,2021-08-13,2021-08-14,台北市,大安區,0,295,0.10
16157,2021-08-12,2021-08-13,台北市,大安區,0,295,0.10
16405,2021-08-11,2021-08-12,台北市,大安區,0,295,0.10
16653,2021-08-10,2021-08-11,台北市,大安區,0,295,0.10
16901,2021-08-09,2021-08-10,台北市,大安區,0,295,0.40
17149,2021-08-08,2021-08-09,台北市,大安區,1,295,0.40
17397,2021-08-07,2021-08-08,台北市,大安區,0,294,0.30
17645,2021-08-06,2021-08-07,台北市,大安區,0,294,0.30
17893,2021-08-05,2021-08-06,台北市,大安區,0,294,0.30
18141,2021-08-04,2021-08-05,台北市,大安區,0,294,0.40
18389,2021-08-03,2021-08-04,台北市,大安區,2,294,0.40
18637,2021-08-02,2021-08-03,台北市,大安區,0,292,0.10
18885,2021-08-01,2021-08-02,台北市,大安區,0,292,0.30
19133,2021-07-31,2021-08-01,台北市,大安區,0,292,0.30
19381,2021-07-30,2021-07-31,台北市,大安區,0,292,0.40
19629,2021-07-29,2021-07-30,台北市,大安區,1,292,0.70
19877,2021-07-28,2021-07-29,台北市,大安區,0,291,0.90
20125,2021-07-27,2021-07-28,台北市,大安區,0,291,0.90
20373,2021-07-26,2021-07-27,台北市,大安區,1,291,1.30
20621,2021-07-25,2021-07-26,台北市,大安區,0,290,1.30
20869,2021-07-24,2021-07-25,台北市,大安區,1,290,1.30
21117,2021-07-23,2021-07-24,台北市,大安區,2,289,1.10
21365,2021-07-22,2021-07-23,台北市,大安區,2,287,0.90
21613,2021-07-21,2021-07-21,台北市,大安區,3,285,0.60
21863,2021-07-20,2021-07-20,台北市,大安區,1,282,0.10
22111,2021-07-19,2021-07-19,台北市,大安區,0,281,0.00
22359,2021-07-18,2021-07-18,台北市,大安區,0,281,0.10
22607,2021-07-17,2021-07-17,台北市,大安區,0,281,0.30
22855,2021-07-16,2021-07-16,台北市,大安區,0,281,0.40
23102,2021-07-15,2021-07-15,台北市,大安區,0,281,0.60
23350,2021-07-14,2021-07-14,台北市,大安區,0,281,1.00
23598,2021-07-13,2021-07-13,台北市,大安區,0,281,1.00
23845,2021-07-12,2021-07-12,台北市,大安區,1,281,1.00
24093,2021-07-11,2021-07-11,台北市,大安區,1,280,1.10
24342,2021-07-10,2021-07-10,台北市,大安區,1,279,1.40
24589,2021-07-09,2021-07-09,台北市,大安區,1,278,1.30
24837,2021-07-08,2021-07-08,台北市,大安區,3,277,1.30
25087,2021-07-07,2021-07-07,台北市,大安區,0,274,1.00
25334,2021-07-06,2021-07-06,台北市,大安區,0,274,1.10
25582,2021-07-05,2021-07-05,台北市,大安區,2,274,1.30
25830,2021-07-04,2021-07-04,台北市,大安區,3,272,1.00
26078,2021-07-03,2021-07-03,台北市,大安區,0,269,0.60
26326,2021-07-02,2021-07-02,台北市,大安區,1,269,0.90
26574,2021-07-01,2021-07-01,台北市,大安區,1,268,0.70
26822,2021-06-30,2021-06-30,台北市,大安區,1,267,0.90
27070,2021-06-29,2021-06-29,台北市,大安區,1,266,0.90
27317,2021-06-28,2021-06-28,台北市,大安區,0,265,1.00
27565,2021-06-27,2021-06-27,台北市,大安區,0,265,1.70
27813,2021-06-26,2021-06-26,台北市,大安區,2,265,1.90
28061,2021-06-25,2021-06-25,台北市,大安區,0,263,2.00
28309,2021-06-24,2021-06-24,台北市,大安區,2,263,2.30
28557,2021-06-23,2021-06-23,台北市,大安區,1,261,2.00
28805,2021-06-22,2021-06-22,台北市,大安區,2,260,2.90
29053,2021-06-21,2021-06-21,台北市,大安區,5,258,3.30
29301,2021-06-20,2021-06-20,台北市,大安區,1,253,3.00
29549,2021-06-19,2021-06-19,台北市,大安區,3,252,3.60
29797,2021-06-18,2021-06-18,台北市,大安區,2,249,4.00
30045,2021-06-17,2021-06-17,台北市,大安區,0,247,4.60
30293,2021-06-16,2021-06-16,台北市,大安區,7,247,5.10
30541,2021-06-15,2021-06-15,台北市,大安區,5,240,5.00
30790,2021-06-14,2021-06-14,台北市,大安區,3,235,5.70
31038,2021-06-13,2021-06-13,台北市,大安區,5,232,6.60
31286,2021-06-12,2021-06-12,台北市,大安區,6,227,6.90
31535,2021-06-11,2021-06-11,台北市,大安區,6,221,7.30
31783,2021-06-10,2021-06-10,台北市,大安區,4,215,8.10
32031,2021-06-09,2021-06-09,台北市,大安區,6,211,8.60
32279,2021-06-08,2021-06-08,台北市,大安區,10,205,9.00
32527,2021-06-07,2021-06-07,台北市,大安區,9,195,8.90
32775,2021-06-06,2021-06-06,台北市,大安區,7,186,8.10
33024,2021-06-05,2021-06-05,台北市,大安區,9,179,8.30
33272,2021-06-04,2021-06-04,台北市,大安區,12,170,9.10
33520,2021-06-03,2021-06-03,台北市,大安區,7,158,8.40
33767,2021-06-02,2021-06-02,台北市,大安區,9,151,8.90
34014,2021-06-01,2021-06-01,台北市,大安區,9,142,10.40
34262,2021-05-31,2021-05-31,台北市,大安區,4,133,11.10
34509,2021-05-30,2021-05-30,台北市,大安區,8,129,12.10
34759,2021-05-29,2021-05-29,台北市,大安區,15,121,11.70
35007,2021-05-28,2021-05-28,台北市,大安區,7,106,10.40
35254,2021-05-27,2021-05-27,台北市,大安區,10,99,10.10
35502,2021-05-26,2021-05-26,台北市,大安區,20,89,9.00
35751,2021-05-25,2021-05-25,台北市,大安區,14,69,6.70
36000,2021-05-24,2021-05-24,台北市,大安區,11,55,5.10
36247,2021-05-23,2021-05-23,台北市,大安區,5,44,4.40
36494,2021-05-22,2021-05-22,台北市,大安區,6,39,4.60
36742,2021-05-21,2021-05-21,台北市,大安區,5,33,4.10
36990,2021-05-20,2021-05-20,台北市,大安區,2,28,3.60
37236,2021-05-19,2021-05-19,台北市,大安區,4,26,3.30
37486,2021-05-18,2021-05-18,台北市,大安區,3,22,2.70
37730,2021-05-17,2021-05-17,台北市,大安區,6,19,2.30
37978,2021-05-16,2021-05-16,台北市,大安區,6,13,1.40
38228,2021-05-15,2021-05-15,台北市,大安區,3,7,0.60
38475,2021-05-14,2021-05-14,台北市,大安區,1,4,0.10
38722,2021-05-13,2021-05-13,台北市,大安區,0,3,0.00
38970,2021-05-12,2021-05-12,台北市,大安區,0,3,0.00
39218,2021-05-11,2021-05-11,台北市,大安區,0,3,0.00
39466,2021-05-10,2021-05-10,台北市,大安區,0,3,0.00
39714,2021-05-09,2021-05-09,台北市,大安區,0,3,0.00
39962,2021-05-08,2021-05-08,台北市,大安區,0,3,0.10
40210,2021-05-07,2021-05-07,台北市,大安區,0,3,0.30
40458,2021-05-06,2021-05-06,台北市,大安區,0,3,0.30
40706,2021-05-05,2021-05-05,台北市,大安區,0,3,0.30
40954,2021-05-04,2021-05-04,台北市,大安區,0,3,0.30
41202,2021-05-03,2021-05-03,台北市,大安區,0,3,0.30
41450,2021-05-02,2021-05-02,台北市,大安區,1,3,0.30
41698,2021-05-01,2021-05-01,台北市,大安區,1,2,0.10
