id,個案研判日,個案公布日,縣市,區域,新增確診人數,累計確診人數,七天移動平均新增確診
35,2021-10-16,2021-10-17,台北市,文山區,0,377,0.00
283,2021-10-15,2021-10-16,台北市,文山區,0,377,0.00
531,2021-10-14,2021-10-15,台北市,文山區,0,377,0.00
779,2021-10-13,2021-10-14,台北市,文山區,0,377,0.00
1027,2021-10-12,2021-10-13,台北市,文山區,0,377,0.00
1275,2021-10-11,2021-10-12,台北市,文山區,0,377,0.00
1523,2021-10-10,2021-10-11,台北市,文山區,0,377,0.00
1771,2021-10-09,2021-10-10,台北市,文山區,0,377,0.00
2019,2021-10-08,2021-10-09,台北市,文山區,0,377,0.00
2267,2021-10-07,2021-10-08,台北市,文山區,0,377,0.00
2515,2021-10-06,2021-10-07,台北市,文山區,0,377,0.00
2763,2021-10-05,2021-10-06,台北市,文山區,0,377,0.00
3011,2021-10-04,2021-10-05,台北市,文山區,0,377,0.00
3259,2021-10-03,2021-10-04,台北市,文山區,0,377,0.00
3507,2021-10-02,2021-10-03,台北市,文山區,0,377,0.00
3755,2021-10-01,2021-10-02,台北市,文山區,0,377,0.00
4003,2021-09-30,2021-10-01,台北市,文山區,0,377,0.00
4251,2021-09-29,2021-09-30,台北市,文山區,0,377,0.00
4499,2021-09-28,2021-09-29,台北市,文山區,0,377,0.00
4747,2021-09-27,2021-09-28,台北市,文山區,0,377,0.00
4995,2021-09-26,2021-09-27,台北市,文山區,0,377,0.00
5243,2021-09-25,2021-09-26,台北市,文山區,0,377,0.00
5491,2021-09-24,2021-09-25,台北市,文山區,0,377,0.00
5739,2021-09-23,2021-09-24,台北市,文山區,0,377,0.00
5987,2021-09-22,2021-09-23,台北市,文山區,0,377,0.00
6235,2021-09-21,2021-09-22,台北市,文山區,0,377,0.00
6483,2021-09-20,2021-09-21,台北市,文山區,0,377,0.00
6731,2021-09-19,2021-09-20,台北市,文山區,0,377,0.00
6979,2021-09-18,2021-09-19,台北市,文山區,0,377,0.00
7227,2021-09-17,2021-09-18,台北市,文山區,0,377,0.00
7475,2021-09-16,2021-09-17,台北市,文山區,0,377,0.00
7723,2021-09-15,2021-09-16,台北市,文山區,0,377,0.00
7971,2021-09-14,2021-09-15,台北市,文山區,0,377,0.30
8219,2021-09-13,2021-09-14,台北市,文山區,0,377,0.30
8467,2021-09-12,2021-09-13,台北市,文山區,0,377,0.30
8715,2021-09-11,2021-09-12,台北市,文山區,0,377,0.30
8963,2021-09-10,2021-09-11,台北市,文山區,0,377,0.30
9211,2021-09-09,2021-09-10,台北市,文山區,0,377,0.30
9459,2021-09-08,2021-09-09,台北市,文山區,2,377,0.30
9707,2021-09-07,2021-09-08,台北市,文山區,0,375,0.00
9955,2021-09-06,2021-09-07,台北市,文山區,0,375,0.00
10203,2021-09-05,2021-09-06,台北市,文山區,0,375,0.00
10451,2021-09-04,2021-09-05,台北市,文山區,0,375,0.00
10699,2021-09-03,2021-09-04,台北市,文山區,0,375,0.00
10947,2021-09-02,2021-09-03,台北市,文山區,0,375,0.00
11195,2021-09-01,2021-09-02,台北市,文山區,0,375,0.00
11443,2021-08-31,2021-09-01,台北市,文山區,0,375,0.10
11691,2021-08-30,2021-08-31,台北市,文山區,0,375,0.10
11939,2021-08-29,2021-08-30,台北市,文山區,0,375,0.10
12187,2021-08-28,2021-08-29,台北市,文山區,0,375,0.10
12435,2021-08-27,2021-08-28,台北市,文山區,0,375,0.10
12683,2021-08-26,2021-08-27,台北市,文山區,0,375,0.10
12931,2021-08-25,2021-08-26,台北市,文山區,1,375,0.10
13179,2021-08-24,2021-08-25,台北市,文山區,0,374,0.00
13427,2021-08-23,2021-08-24,台北市,文山區,0,374,0.30
13675,2021-08-22,2021-08-23,台北市,文山區,0,374,0.30
13923,2021-08-21,2021-08-22,台北市,文山區,0,374,0.40
14171,2021-08-20,2021-08-21,台北市,文山區,0,374,0.40
14419,2021-08-19,2021-08-20,台北市,文山區,0,374,0.40
14667,2021-08-18,2021-08-19,台北市,文山區,0,374,0.40
14915,2021-08-17,2021-08-18,台北市,文山區,2,374,0.60
15163,2021-08-16,2021-08-17,台北市,文山區,0,372,0.30
15411,2021-08-15,2021-08-16,台北市,文山區,1,372,0.30
15659,2021-08-14,2021-08-15,台北市,文山區,0,371,0.10
15907,2021-08-13,2021-08-14,台北市,文山區,0,371,0.30
16155,2021-08-12,2021-08-13,台北市,文山區,0,371,0.30
16403,2021-08-11,2021-08-12,台北市,文山區,1,371,0.30
16651,2021-08-10,2021-08-11,台北市,文山區,0,370,0.10
16899,2021-08-09,2021-08-10,台北市,文山區,0,370,0.10
17147,2021-08-08,2021-08-09,台北市,文山區,0,370,0.10
17395,2021-08-07,2021-08-08,台北市,文山區,1,370,0.10
17643,2021-08-06,2021-08-07,台北市,文山區,0,369,0.10
17891,2021-08-05,2021-08-06,台北市,文山區,0,369,0.10
18139,2021-08-04,2021-08-05,台北市,文山區,0,369,0.30
18387,2021-08-03,2021-08-04,台北市,文山區,0,369,0.30
18635,2021-08-02,2021-08-03,台北市,文山區,0,369,0.40
18883,2021-08-01,2021-08-02,台北市,文山區,0,369,0.40
19131,2021-07-31,2021-08-01,台北市,文山區,1,369,0.40
19379,2021-07-30,2021-07-31,台北市,文山區,0,368,0.40
19627,2021-07-29,2021-07-30,台北市,文山區,1,368,0.40
19875,2021-07-28,2021-07-29,台北市,文山區,0,367,0.30
20123,2021-07-27,2021-07-28,台北市,文山區,1,367,0.30
20371,2021-07-26,2021-07-27,台北市,文山區,0,366,0.40
20619,2021-07-25,2021-07-26,台北市,文山區,0,366,0.40
20867,2021-07-24,2021-07-25,台北市,文山區,1,366,0.40
21115,2021-07-23,2021-07-24,台北市,文山區,0,365,0.30
21363,2021-07-22,2021-07-23,台北市,文山區,0,365,0.30
21611,2021-07-21,2021-07-21,台北市,文山區,2,365,0.60
21859,2021-07-20,2021-07-20,台北市,文山區,0,363,0.30
22107,2021-07-19,2021-07-19,台北市,文山區,0,363,0.30
22355,2021-07-18,2021-07-18,台北市,文山區,0,363,0.40
22603,2021-07-17,2021-07-17,台北市,文山區,0,363,0.40
22851,2021-07-16,2021-07-16,台北市,文山區,1,363,0.60
23099,2021-07-15,2021-07-15,台北市,文山區,1,362,0.40
23347,2021-07-14,2021-07-14,台北市,文山區,0,361,0.70
23595,2021-07-13,2021-07-13,台北市,文山區,0,361,0.70
23843,2021-07-12,2021-07-12,台北市,文山區,1,361,0.70
24091,2021-07-11,2021-07-11,台北市,文山區,0,360,1.00
24339,2021-07-10,2021-07-10,台北市,文山區,1,360,1.60
24587,2021-07-09,2021-07-09,台北市,文山區,0,359,1.90
24835,2021-07-08,2021-07-08,台北市,文山區,3,359,2.10
25083,2021-07-07,2021-07-07,台北市,文山區,0,356,1.90
25331,2021-07-06,2021-07-06,台北市,文山區,0,356,2.30
25579,2021-07-05,2021-07-05,台北市,文山區,3,356,2.60
25827,2021-07-04,2021-07-04,台北市,文山區,4,353,2.10
26075,2021-07-03,2021-07-03,台北市,文山區,3,349,2.60
26323,2021-07-02,2021-07-02,台北市,文山區,2,346,2.10
26571,2021-07-01,2021-07-01,台北市,文山區,1,344,2.40
26819,2021-06-30,2021-06-30,台北市,文山區,3,343,2.70
27067,2021-06-29,2021-06-29,台北市,文山區,2,340,2.90
27315,2021-06-28,2021-06-28,台北市,文山區,0,338,2.90
27563,2021-06-27,2021-06-27,台北市,文山區,7,338,3.10
27811,2021-06-26,2021-06-26,台北市,文山區,0,331,2.90
28059,2021-06-25,2021-06-25,台北市,文山區,4,331,2.90
28307,2021-06-24,2021-06-24,台北市,文山區,3,327,2.40
28555,2021-06-23,2021-06-23,台北市,文山區,4,324,2.40
28803,2021-06-22,2021-06-22,台北市,文山區,2,320,2.10
29051,2021-06-21,2021-06-21,台北市,文山區,2,318,2.00
29299,2021-06-20,2021-06-20,台北市,文山區,5,316,2.40
29547,2021-06-19,2021-06-19,台北市,文山區,0,311,2.60
29795,2021-06-18,2021-06-18,台北市,文山區,1,311,3.60
30042,2021-06-17,2021-06-17,台北市,文山區,3,310,3.90
30290,2021-06-16,2021-06-16,台北市,文山區,2,307,3.60
30538,2021-06-15,2021-06-15,台北市,文山區,1,305,3.90
30786,2021-06-14,2021-06-14,台北市,文山區,5,304,4.10
31034,2021-06-13,2021-06-13,台北市,文山區,6,299,3.90
31282,2021-06-12,2021-06-12,台北市,文山區,7,293,4.30
31530,2021-06-11,2021-06-11,台北市,文山區,3,286,4.10
31778,2021-06-10,2021-06-10,台北市,文山區,1,283,4.70
32026,2021-06-09,2021-06-09,台北市,文山區,4,282,7.60
32274,2021-06-08,2021-06-08,台北市,文山區,3,278,8.10
32522,2021-06-07,2021-06-07,台北市,文山區,3,275,8.90
32770,2021-06-06,2021-06-06,台北市,文山區,9,272,9.70
33018,2021-06-05,2021-06-05,台北市,文山區,6,263,9.30
33266,2021-06-04,2021-06-04,台北市,文山區,7,257,10.70
33514,2021-06-03,2021-06-03,台北市,文山區,21,250,12.30
33762,2021-06-02,2021-06-02,台北市,文山區,8,229,14.60
34010,2021-06-01,2021-06-01,台北市,文山區,8,221,17.00
34258,2021-05-31,2021-05-31,台北市,文山區,9,213,17.10
34506,2021-05-30,2021-05-30,台北市,文山區,6,204,18.10
34754,2021-05-29,2021-05-29,台北市,文山區,16,198,19.30
35002,2021-05-28,2021-05-28,台北市,文山區,18,182,19.40
35250,2021-05-27,2021-05-27,台北市,文山區,37,164,18.40
35498,2021-05-26,2021-05-26,台北市,文山區,25,127,13.60
35746,2021-05-25,2021-05-25,台北市,文山區,9,102,10.70
35994,2021-05-24,2021-05-24,台北市,文山區,16,93,11.40
36242,2021-05-23,2021-05-23,台北市,文山區,14,77,10.10
36490,2021-05-22,2021-05-22,台北市,文山區,17,63,8.60
36738,2021-05-21,2021-05-21,台北市,文山區,11,46,6.30
36986,2021-05-20,2021-05-20,台北市,文山區,3,35,4.70
37234,2021-05-19,2021-05-19,台北市,文山區,5,32,4.30
37482,2021-05-18,2021-05-18,台北市,文山區,14,27,3.60
37735,2021-05-17,2021-05-17,台北市,文山區,7,13,1.60
37985,2021-05-16,2021-05-16,台北市,文山區,3,6,0.60
38233,2021-05-15,2021-05-15,台北市,文山區,1,3,0.10
38477,2021-05-14,2021-05-14,台北市,文山區,0,2,0.00
38724,2021-05-13,2021-05-13,台北市,文山區,0,2,0.00
38971,2021-05-12,2021-05-12,台北市,文山區,0,2,0.00
39219,2021-05-11,2021-05-11,台北市,文山區,0,2,0.00
39467,2021-05-10,2021-05-10,台北市,文山區,0,2,0.00
39715,2021-05-09,2021-05-09,台北市,文山區,0,2,0.00
39963,2021-05-08,2021-05-08,台北市,文山區,0,2,0.00
40211,2021-05-07,2021-05-07,台北市,文山區,0,2,0.00
40459,2021-05-06,2021-05-06,台北市,文山區,0,2,0.00
40707,2021-05-05,2021-05-05,台北市,文山區,0,2,0.00
40955,2021-05-04,2021-05-04,台北市,文山區,0,2,0.00
41203,2021-05-03,2021-05-03,台北市,文山區,0,2,0.00
41451,2021-05-02,2021-05-02,台北市,文山區,0,2,0.00
41699,2021-05-01,2021-05-01,台北市,文山區,0,2,0.00
